100 200 10
1 1 0
1 2 24
1 3 73
1 4 145
1 5 106
1 6 128
1 7 214
1 8 221
1 9 273
1 10 321
1 11 308
1 12 206
1 13 239
1 14 289
1 15 387
1 16 85
1 17 124
1 18 172
1 19 252
1 20 163
1 21 166
1 22 245
1 23 170
1 24 178
1 25 123
1 26 145
1 27 133
1 28 204
1 29 164
1 30 241
1 31 306
1 32 377
1 33 227
1 34 308
1 35 375
1 36 71
1 37 92
1 38 177
1 39 239
1 40 171
1 41 172
1 42 224
1 43 216
1 44 104
1 45 147
1 46 208
1 47 249
1 48 69
1 49 162
1 50 207
1 51 159
1 52 186
1 53 213
1 54 246
1 55 113
1 56 109
1 57 133
1 58 141
1 59 232
1 60 281
1 61 381
1 62 464
1 63 229
1 64 201
1 65 299
1 66 349
1 67 354
1 68 380
1 69 474
1 70 574
1 71 179
1 72 130
1 73 134
1 74 171
1 75 235
1 76 283
1 77 262
1 78 203
1 79 208
1 80 302
1 81 343
1 82 344
1 83 26
1 84 63
1 85 132
1 86 184
1 87 267
1 88 269
1 89 347
1 90 231
1 91 143
1 92 203
1 93 225
1 94 283
1 95 308
1 96 66
1 97 77
1 98 131
1 99 200
1 100 207
2 1 107
2 2 0
2 3 49
2 4 121
2 5 82
2 6 104
2 7 190
2 8 197
2 9 249
2 10 297
2 11 284
2 12 182
2 13 215
2 14 265
2 15 363
2 16 61
2 17 100
2 18 148
2 19 228
2 20 139
2 21 142
2 22 221
2 23 146
2 24 154
2 25 99
2 26 121
2 27 109
2 28 180
2 29 140
2 30 217
2 31 282
2 32 353
2 33 203
2 34 284
2 35 351
2 36 47
2 37 68
2 38 153
2 39 215
2 40 147
2 41 148
2 42 200
2 43 192
2 44 80
2 45 123
2 46 184
2 47 225
2 48 45
2 49 138
2 50 183
2 51 135
2 52 162
2 53 189
2 54 222
2 55 89
2 56 85
2 57 109
2 58 117
2 59 208
2 60 257
2 61 357
2 62 440
2 63 205
2 64 177
2 65 275
2 66 325
2 67 330
2 68 356
2 69 450
2 70 550
2 71 155
2 72 106
2 73 110
2 74 147
2 75 211
2 76 259
2 77 238
2 78 179
2 79 184
2 80 278
2 81 319
2 82 320
2 83 2
2 84 39
2 85 108
2 86 160
2 87 243
2 88 245
2 89 323
2 90 207
2 91 119
2 92 179
2 93 201
2 94 259
2 95 284
2 96 42
2 97 53
2 98 107
2 99 176
2 100 183
3 1 377
3 2 391
3 3 0
3 4 72
3 5 118
3 6 140
3 7 226
3 8 233
3 9 285
3 10 333
3 11 405
3 12 415
3 13 448
3 14 430
3 15 528
3 16 350
3 17 389
3 18 283
3 19 363
3 20 414
3 21 417
3 22 496
3 23 336
3 24 309
3 25 50
3 26 72
3 27 81
3 28 152
3 29 251
3 30 323
3 31 363
3 32 434
3 33 266
3 34 347
3 35 414
3 36 377
3 37 338
3 38 403
3 39 465
3 40 377
3 41 216
3 42 268
3 43 255
3 44 280
3 45 323
3 46 384
3 47 361
3 48 406
3 49 499
3 50 397
3 51 198
3 52 225
3 53 252
3 54 328
3 55 279
3 56 350
3 57 374
3 58 382
3 59 473
3 60 229
3 61 329
3 62 412
3 63 438
3 64 240
3 65 338
3 66 388
3 67 393
3 68 419
3 69 513
3 70 613
3 71 255
3 72 313
3 73 340
3 74 98
3 75 162
3 76 210
3 77 229
3 78 312
3 79 399
3 80 493
3 81 534
3 82 535
3 83 393
3 84 430
3 85 499
3 86 262
3 87 345
3 88 351
3 89 429
3 90 430
3 91 384
3 92 444
3 93 466
3 94 428
3 95 453
3 96 433
3 97 328
3 98 382
3 99 339
3 100 346
4 1 305
4 2 319
4 3 308
4 4 0
4 5 46
4 6 68
4 7 154
4 8 161
4 9 213
4 10 261
4 11 333
4 12 343
4 13 376
4 14 358
4 15 456
4 16 278
4 17 317
4 18 275
4 19 355
4 20 342
4 21 345
4 22 424
4 23 264
4 24 248
4 25 332
4 26 263
4 27 73
4 28 144
4 29 243
4 30 251
4 31 291
4 32 362
4 33 194
4 34 275
4 35 342
4 36 353
4 37 266
4 38 331
4 39 393
4 40 305
4 41 178
4 42 230
4 43 183
4 44 208
4 45 251
4 46 312
4 47 353
4 48 334
4 49 427
4 50 325
4 51 126
4 52 153
4 53 180
4 54 256
4 55 207
4 56 278
4 57 302
4 58 310
4 59 401
4 60 221
4 61 321
4 62 404
4 63 366
4 64 168
4 65 266
4 66 316
4 67 321
4 68 347
4 69 441
4 70 541
4 71 183
4 72 241
4 73 268
4 74 362
4 75 426
4 76 474
4 77 441
4 78 307
4 79 387
4 80 481
4 81 522
4 82 523
4 83 321
4 84 358
4 85 427
4 86 190
4 87 273
4 88 279
4 89 357
4 90 358
4 91 312
4 92 372
4 93 394
4 94 387
4 95 399
4 96 361
4 97 256
4 98 310
4 99 267
4 100 274
5 1 259
5 2 273
5 3 262
5 4 199
5 5 0
5 6 22
5 7 108
5 8 115
5 9 167
5 10 215
5 11 287
5 12 297
5 13 330
5 14 312
5 15 410
5 16 232
5 17 271
5 18 229
5 19 309
5 20 296
5 21 299
5 22 378
5 23 218
5 24 202
5 25 286
5 26 217
5 27 27
5 28 98
5 29 197
5 30 205
5 31 245
5 32 316
5 33 148
5 34 229
5 35 296
5 36 307
5 37 220
5 38 285
5 39 347
5 40 259
5 41 132
5 42 184
5 43 137
5 44 162
5 45 205
5 46 266
5 47 307
5 48 288
5 49 381
5 50 279
5 51 80
5 52 107
5 53 134
5 54 210
5 55 161
5 56 232
5 57 256
5 58 264
5 59 355
5 60 175
5 61 275
5 62 358
5 63 320
5 64 122
5 65 220
5 66 270
5 67 275
5 68 301
5 69 395
5 70 495
5 71 137
5 72 195
5 73 222
5 74 316
5 75 380
5 76 428
5 77 395
5 78 261
5 79 341
5 80 435
5 81 476
5 82 477
5 83 275
5 84 312
5 85 381
5 86 144
5 87 227
5 88 233
5 89 311
5 90 312
5 91 266
5 92 326
5 93 348
5 94 341
5 95 353
5 96 315
5 97 210
5 98 264
5 99 221
5 100 228
6 1 237
6 2 251
6 3 240
6 4 207
6 5 253
6 6 0
6 7 86
6 8 93
6 9 145
6 10 193
6 11 265
6 12 275
6 13 308
6 14 358
6 15 456
6 16 210
6 17 249
6 18 207
6 19 287
6 20 364
6 21 367
6 22 446
6 23 196
6 24 204
6 25 288
6 26 310
6 27 5
6 28 76
6 29 175
6 30 252
6 31 223
6 32 294
6 33 247
6 34 328
6 35 395
6 36 298
6 37 198
6 38 283
6 39 345
6 40 300
6 41 140
6 42 192
6 43 292
6 44 317
6 45 360
6 46 421
6 47 285
6 48 296
6 49 389
6 50 257
6 51 333
6 52 360
6 53 278
6 54 354
6 55 139
6 56 210
6 57 234
6 58 242
6 59 333
6 60 153
6 61 253
6 62 336
6 63 298
6 64 356
6 65 366
6 66 416
6 67 391
6 68 417
6 69 511
6 70 611
6 71 205
6 72 236
6 73 263
6 74 338
6 75 402
6 76 450
6 77 463
6 78 416
6 79 435
6 80 529
6 81 570
6 82 571
6 83 253
6 84 290
6 85 359
6 86 122
6 87 205
6 88 211
6 89 289
6 90 290
6 91 244
6 92 304
6 93 326
6 94 352
6 95 331
6 96 293
6 97 304
6 98 358
6 99 365
6 100 372
7 1 151
7 2 165
7 3 154
7 4 226
7 5 247
7 6 245
7 7 0
7 8 7
7 9 59
7 10 107
7 11 179
7 12 189
7 13 222
7 14 272
7 15 370
7 16 124
7 17 163
7 18 192
7 19 272
7 20 304
7 21 307
7 22 386
7 23 110
7 24 118
7 25 202
7 26 224
7 27 233
7 28 304
7 29 305
7 30 320
7 31 137
7 32 208
7 33 161
7 34 242
7 35 309
7 36 212
7 37 112
7 38 197
7 39 259
7 40 214
7 41 215
7 42 267
7 43 328
7 44 245
7 45 288
7 46 349
7 47 270
7 48 210
7 49 303
7 50 171
7 51 271
7 52 298
7 53 263
7 54 339
7 55 53
7 56 124
7 57 148
7 58 156
7 59 247
7 60 328
7 61 365
7 62 448
7 63 212
7 64 270
7 65 351
7 66 401
7 67 305
7 68 331
7 69 425
7 70 525
7 71 119
7 72 150
7 73 177
7 74 252
7 75 316
7 76 364
7 77 383
7 78 344
7 79 349
7 80 443
7 81 484
7 82 485
7 83 167
7 84 204
7 85 273
7 86 36
7 87 119
7 88 125
7 89 203
7 90 204
7 91 158
7 92 218
7 93 240
7 94 339
7 95 245
7 96 207
7 97 218
7 98 272
7 99 341
7 100 348
8 1 144
8 2 158
8 3 147
8 4 219
8 5 240
8 6 238
8 7 324
8 8 0
8 9 52
8 10 100
8 11 172
8 12 182
8 13 215
8 14 265
8 15 363
8 16 117
8 17 156
8 18 185
8 19 265
8 20 297
8 21 300
8 22 379
8 23 103
8 24 111
8 25 195
8 26 217
8 27 226
8 28 297
8 29 298
8 30 313
8 31 130
8 32 201
8 33 154
8 34 235
8 35 302
8 36 205
8 37 105
8 38 190
8 39 252
8 40 207
8 41 208
8 42 260
8 43 350
8 44 238
8 45 281
8 46 342
8 47 263
8 48 203
8 49 296
8 50 266
8 51 293
8 52 320
8 53 256
8 54 332
8 55 46
8 56 117
8 57 141
8 58 149
8 59 240
8 60 321
8 61 358
8 62 441
8 63 205
8 64 263
8 65 344
8 66 394
8 67 298
8 68 324
8 69 418
8 70 518
8 71 112
8 72 143
8 73 170
8 74 245
8 75 309
8 76 357
8 77 376
8 78 337
8 79 342
8 80 436
8 81 477
8 82 478
8 83 160
8 84 197
8 85 266
8 86 270
8 87 353
8 88 359
8 89 437
8 90 239
8 91 151
8 92 211
8 93 233
8 94 332
8 95 238
8 96 200
8 97 211
8 98 265
8 99 334
8 100 341
9 1 294
9 2 318
9 3 345
9 4 350
9 5 237
9 6 259
9 7 345
9 8 352
9 9 0
9 10 48
9 11 120
9 12 130
9 13 163
9 14 213
9 15 311
9 16 275
9 17 314
9 18 362
9 19 442
9 20 294
9 21 263
9 22 342
9 23 301
9 24 309
9 25 393
9 26 257
9 27 264
9 28 335
9 29 295
9 30 261
9 31 78
9 32 149
9 33 102
9 34 183
9 35 250
9 36 261
9 37 282
9 38 239
9 39 301
9 40 282
9 41 283
9 42 335
9 43 371
9 44 202
9 45 245
9 46 306
9 47 347
9 48 311
9 49 404
9 50 214
9 51 314
9 52 341
9 53 368
9 54 444
9 55 244
9 56 315
9 57 339
9 58 336
9 59 427
9 60 412
9 61 306
9 62 389
9 63 153
9 64 211
9 65 309
9 66 359
9 67 246
9 68 272
9 69 366
9 70 466
9 71 226
9 72 218
9 73 245
9 74 339
9 75 403
9 76 451
9 77 359
9 78 301
9 79 339
9 80 433
9 81 474
9 82 475
9 83 320
9 84 357
9 85 426
9 86 381
9 87 464
9 88 400
9 89 430
9 90 431
9 91 338
9 92 398
9 93 420
9 94 381
9 95 186
9 96 197
9 97 208
9 98 262
9 99 331
9 100 338
10 1 246
10 2 270
10 3 297
10 4 302
10 5 189
10 6 211
10 7 297
10 8 304
10 9 356
10 10 0
10 11 72
10 12 82
10 13 115
10 14 165
10 15 263
10 16 227
10 17 266
10 18 314
10 19 394
10 20 246
10 21 215
10 22 294
10 23 253
10 24 261
10 25 345
10 26 209
10 27 216
10 28 287
10 29 247
10 30 213
10 31 30
10 32 101
10 33 54
10 34 135
10 35 202
10 36 213
10 37 234
10 38 191
10 39 253
10 40 234
10 41 235
10 42 287
10 43 323
10 44 154
10 45 197
10 46 258
10 47 299
10 48 263
10 49 356
10 50 166
10 51 266
10 52 293
10 53 320
10 54 396
10 55 196
10 56 267
10 57 291
10 58 288
10 59 379
10 60 364
10 61 258
10 62 341
10 63 105
10 64 163
10 65 261
10 66 311
10 67 198
10 68 224
10 69 318
10 70 418
10 71 178
10 72 170
10 73 197
10 74 291
10 75 355
10 76 403
10 77 311
10 78 253
10 79 291
10 80 385
10 81 426
10 82 427
10 83 272
10 84 309
10 85 378
10 86 333
10 87 416
10 88 352
10 89 382
10 90 383
10 91 290
10 92 350
10 93 372
10 94 333
10 95 138
10 96 149
10 97 160
10 98 214
10 99 283
10 100 290
11 1 275
11 2 299
11 3 348
11 4 230
11 5 276
11 6 298
11 7 384
11 8 391
11 9 443
11 10 491
11 11 0
11 12 10
11 13 43
11 14 93
11 15 191
11 16 248
11 17 287
11 18 316
11 19 396
11 20 410
11 21 143
11 22 222
11 23 234
11 24 242
11 25 326
11 26 331
11 27 303
11 28 374
11 29 411
11 30 174
11 31 239
11 32 310
11 33 262
11 34 343
11 35 410
11 36 346
11 37 236
11 38 321
11 39 383
11 40 162
11 41 163
11 42 215
11 43 251
11 44 276
11 45 319
11 46 380
11 47 394
11 48 191
11 49 284
11 50 94
11 51 194
11 52 221
11 53 248
11 54 324
11 55 360
11 56 384
11 57 408
11 58 416
11 59 507
11 60 451
11 61 466
11 62 549
11 63 33
11 64 91
11 65 189
11 66 239
11 67 244
11 68 270
11 69 364
11 70 464
11 71 106
11 72 98
11 73 125
11 74 219
11 75 283
11 76 331
11 77 239
11 78 322
11 79 409
11 80 503
11 81 544
11 82 545
11 83 301
11 84 338
11 85 407
11 86 401
11 87 484
11 88 467
11 89 428
11 90 429
11 91 418
11 92 478
11 93 500
11 94 455
11 95 347
11 96 341
11 97 324
11 98 378
11 99 335
11 100 342
12 1 265
12 2 289
12 3 338
12 4 284
12 5 330
12 6 352
12 7 438
12 8 445
12 9 497
12 10 545
12 11 102
12 12 0
12 13 33
12 14 83
12 15 181
12 16 238
12 17 277
12 18 306
12 19 386
12 20 428
12 21 133
12 22 212
12 23 224
12 24 232
12 25 316
12 26 338
12 27 347
12 28 418
12 29 429
12 30 164
12 31 229
12 32 300
12 33 318
12 34 399
12 35 466
12 36 336
12 37 226
12 38 311
12 39 373
12 40 216
12 41 217
12 42 269
12 43 353
12 44 353
12 45 396
12 46 457
12 47 384
12 48 247
12 49 340
12 50 196
12 51 296
12 52 323
12 53 350
12 54 424
12 55 378
12 56 374
12 57 398
12 58 406
12 59 497
12 60 495
12 61 522
12 62 605
12 63 23
12 64 81
12 65 179
12 66 229
12 67 234
12 68 260
12 69 354
12 70 454
12 71 96
12 72 154
12 73 179
12 74 273
12 75 337
12 76 385
12 77 229
12 78 312
12 79 399
12 80 493
12 81 534
12 82 535
12 83 291
12 84 328
12 85 397
12 86 391
12 87 474
12 88 457
12 89 418
12 90 419
12 91 408
12 92 468
12 93 490
12 94 532
12 95 337
12 96 331
12 97 342
12 98 396
12 99 435
12 100 442
13 1 265
13 2 289
13 3 338
13 4 251
13 5 297
13 6 319
13 7 405
13 8 412
13 9 464
13 10 512
13 11 573
13 12 471
13 13 0
13 14 50
13 15 148
13 16 238
13 17 277
13 18 306
13 19 386
13 20 411
13 21 100
13 22 179
13 23 224
13 24 232
13 25 316
13 26 338
13 27 324
13 28 395
13 29 412
13 30 489
13 31 542
13 32 613
13 33 445
13 34 526
13 35 593
13 36 336
13 37 226
13 38 311
13 39 373
13 40 183
13 41 184
13 42 236
13 43 336
13 44 352
13 45 395
13 46 456
13 47 384
13 48 317
13 49 410
13 50 455
13 51 377
13 52 404
13 53 377
13 54 453
13 55 361
13 56 374
13 57 398
13 58 406
13 59 497
13 60 472
13 61 572
13 62 655
13 63 494
13 64 419
13 65 465
13 66 515
13 67 520
13 68 546
13 69 640
13 70 740
13 71 233
13 72 264
13 73 146
13 74 240
13 75 304
13 76 352
13 77 196
13 78 279
13 79 366
13 80 460
13 81 501
13 82 502
13 83 274
13 84 311
13 85 380
13 86 391
13 87 474
13 88 427
13 89 505
13 90 496
13 91 408
13 92 468
13 93 490
13 94 531
13 95 556
13 96 314
13 97 325
13 98 379
13 99 448
13 100 455
14 1 215
14 2 239
14 3 288
14 4 201
14 5 247
14 6 269
14 7 355
14 8 362
14 9 414
14 10 462
14 11 523
14 12 421
14 13 454
14 14 0
14 15 98
14 16 188
14 17 227
14 18 256
14 19 336
14 20 361
14 21 50
14 22 129
14 23 174
14 24 182
14 25 266
14 26 288
14 27 274
14 28 345
14 29 362
14 30 439
14 31 492
14 32 563
14 33 395
14 34 476
14 35 543
14 36 286
14 37 176
14 38 261
14 39 323
14 40 133
14 41 134
14 42 186
14 43 286
14 44 302
14 45 345
14 46 406
14 47 334
14 48 267
14 49 360
14 50 405
14 51 327
14 52 354
14 53 327
14 54 403
14 55 311
14 56 324
14 57 348
14 58 356
14 59 447
14 60 422
14 61 522
14 62 605
14 63 444
14 64 369
14 65 415
14 66 465
14 67 470
14 68 496
14 69 590
14 70 690
14 71 183
14 72 214
14 73 96
14 74 190
14 75 254
14 76 302
14 77 146
14 78 229
14 79 316
14 80 410
14 81 451
14 82 452
14 83 224
14 84 261
14 85 330
14 86 341
14 87 424
14 88 377
14 89 455
14 90 446
14 91 358
14 92 418
14 93 440
14 94 481
14 95 506
14 96 264
14 97 275
14 98 329
14 99 398
14 100 405
15 1 378
15 2 402
15 3 451
15 4 509
15 5 484
15 6 506
15 7 592
15 8 599
15 9 651
15 10 699
15 11 590
15 12 488
15 13 521
15 14 473
15 15 0
15 16 96
15 17 135
15 18 224
15 19 304
15 20 381
15 21 384
15 22 463
15 23 428
15 24 250
15 25 334
15 26 356
15 27 365
15 28 436
15 29 458
15 30 453
15 31 518
15 32 589
15 33 566
15 34 647
15 35 714
15 36 318
15 37 339
15 38 424
15 39 486
15 40 441
15 41 442
15 42 494
15 43 555
15 44 482
15 45 525
15 46 586
15 47 302
15 48 374
15 49 467
15 50 398
15 51 498
15 52 525
15 53 295
15 54 371
15 55 407
15 56 478
15 57 502
15 58 423
15 59 514
15 60 513
15 61 613
15 62 696
15 63 511
15 64 540
15 65 383
15 66 433
15 67 438
15 68 464
15 69 558
15 70 658
15 71 437
15 72 377
15 73 404
15 74 498
15 75 562
15 76 610
15 77 480
15 78 563
15 79 502
15 80 596
15 81 637
15 82 638
15 83 404
15 84 441
15 85 510
15 86 309
15 87 392
15 88 398
15 89 476
15 90 477
15 91 425
15 92 485
15 93 507
15 94 606
15 95 626
15 96 444
15 97 371
15 98 425
15 99 382
15 100 389
16 1 282
16 2 306
16 3 355
16 4 413
16 5 388
16 6 410
16 7 496
16 8 503
16 9 555
16 10 603
16 11 494
16 12 392
16 13 425
16 14 377
16 15 475
16 16 0
16 17 39
16 18 128
16 19 208
16 20 285
16 21 288
16 22 367
16 23 332
16 24 154
16 25 238
16 26 260
16 27 269
16 28 340
16 29 362
16 30 357
16 31 422
16 32 493
16 33 470
16 34 551
16 35 618
16 36 222
16 37 243
16 38 328
16 39 390
16 40 345
16 41 346
16 42 398
16 43 459
16 44 386
16 45 429
16 46 490
16 47 206
16 48 278
16 49 371
16 50 302
16 51 402
16 52 429
16 53 199
16 54 275
16 55 311
16 56 382
16 57 406
16 58 327
16 59 418
16 60 417
16 61 517
16 62 600
16 63 415
16 64 444
16 65 287
16 66 337
16 67 342
16 68 368
16 69 462
16 70 562
16 71 341
16 72 281
16 73 308
16 74 402
16 75 466
16 76 514
16 77 384
16 78 467
16 79 406
16 80 500
16 81 541
16 82 542
16 83 308
16 84 345
16 85 414
16 86 213
16 87 296
16 88 302
16 89 380
16 90 381
16 91 329
16 92 389
16 93 411
16 94 510
16 95 530
16 96 348
16 97 275
16 98 329
16 99 286
16 100 293
17 1 243
17 2 267
17 3 316
17 4 374
17 5 349
17 6 371
17 7 457
17 8 464
17 9 516
17 10 564
17 11 455
17 12 353
17 13 386
17 14 338
17 15 436
17 16 197
17 17 0
17 18 89
17 19 169
17 20 246
17 21 249
17 22 328
17 23 293
17 24 115
17 25 199
17 26 221
17 27 230
17 28 301
17 29 323
17 30 318
17 31 383
17 32 454
17 33 431
17 34 512
17 35 579
17 36 183
17 37 204
17 38 289
17 39 351
17 40 306
17 41 307
17 42 359
17 43 420
17 44 347
17 45 390
17 46 451
17 47 167
17 48 239
17 49 332
17 50 263
17 51 363
17 52 390
17 53 160
17 54 236
17 55 272
17 56 343
17 57 367
17 58 288
17 59 379
17 60 378
17 61 478
17 62 561
17 63 376
17 64 405
17 65 248
17 66 298
17 67 303
17 68 329
17 69 423
17 70 523
17 71 302
17 72 242
17 73 269
17 74 363
17 75 427
17 76 475
17 77 345
17 78 428
17 79 367
17 80 461
17 81 502
17 82 503
17 83 269
17 84 306
17 85 375
17 86 174
17 87 257
17 88 263
17 89 341
17 90 342
17 91 290
17 92 350
17 93 372
17 94 471
17 95 491
17 96 309
17 97 236
17 98 290
17 99 247
17 100 254
18 1 154
18 2 178
18 3 227
18 4 285
18 5 260
18 6 282
18 7 368
18 8 375
18 9 427
18 10 475
18 11 366
18 12 264
18 13 297
18 14 249
18 15 347
18 16 108
18 17 147
18 18 0
18 19 80
18 20 157
18 21 160
18 22 239
18 23 204
18 24 26
18 25 110
18 26 132
18 27 141
18 28 212
18 29 234
18 30 229
18 31 294
18 32 365
18 33 342
18 34 423
18 35 490
18 36 94
18 37 115
18 38 200
18 39 262
18 40 217
18 41 218
18 42 270
18 43 331
18 44 258
18 45 301
18 46 362
18 47 78
18 48 150
18 49 243
18 50 174
18 51 274
18 52 301
18 53 71
18 54 147
18 55 183
18 56 254
18 57 278
18 58 199
18 59 290
18 60 289
18 61 389
18 62 472
18 63 287
18 64 316
18 65 159
18 66 209
18 67 214
18 68 240
18 69 334
18 70 434
18 71 213
18 72 153
18 73 180
18 74 274
18 75 338
18 76 386
18 77 256
18 78 339
18 79 278
18 80 372
18 81 413
18 82 414
18 83 180
18 84 217
18 85 286
18 86 85
18 87 168
18 88 174
18 89 252
18 90 253
18 91 201
18 92 261
18 93 283
18 94 382
18 95 402
18 96 220
18 97 147
18 98 201
18 99 158
18 100 165
19 1 74
19 2 98
19 3 147
19 4 205
19 5 180
19 6 202
19 7 288
19 8 295
19 9 347
19 10 395
19 11 286
19 12 184
19 13 217
19 14 240
19 15 338
19 16 28
19 17 67
19 18 115
19 19 0
19 20 77
19 21 80
19 22 159
19 23 124
19 24 132
19 25 197
19 26 219
19 27 207
19 28 278
19 29 238
19 30 149
19 31 214
19 32 285
19 33 262
19 34 343
19 35 410
19 36 14
19 37 35
19 38 120
19 39 182
19 40 137
19 41 138
19 42 190
19 43 251
19 44 178
19 45 221
19 46 282
19 47 193
19 48 143
19 49 236
19 50 94
19 51 194
19 52 221
19 53 186
19 54 262
19 55 187
19 56 183
19 57 207
19 58 119
19 59 210
19 60 291
19 61 391
19 62 474
19 63 207
19 64 236
19 65 79
19 66 129
19 67 134
19 68 160
19 69 254
19 70 354
19 71 133
19 72 73
19 73 100
19 74 194
19 75 258
19 76 306
19 77 176
19 78 259
19 79 282
19 80 376
19 81 417
19 82 418
19 83 100
19 84 137
19 85 206
19 86 200
19 87 283
19 88 289
19 89 318
19 90 305
19 91 121
19 92 181
19 93 203
19 94 302
19 95 322
19 96 140
19 97 151
19 98 205
19 99 273
19 100 280
20 1 158
20 2 51
20 3 100
20 4 172
20 5 133
20 6 131
20 7 217
20 8 224
20 9 276
20 10 324
20 11 209
20 12 107
20 13 140
20 14 190
20 15 288
20 16 112
20 17 151
20 18 199
20 19 279
20 20 0
20 21 3
20 22 82
20 23 127
20 24 135
20 25 150
20 26 172
20 27 136
20 28 207
20 29 191
20 30 268
20 31 333
20 32 404
20 33 254
20 34 335
20 35 402
20 36 98
20 37 119
20 38 204
20 39 266
20 40 198
20 41 199
20 42 251
20 43 243
20 44 131
20 45 174
20 46 235
20 47 276
20 48 96
20 49 189
20 50 234
20 51 186
20 52 213
20 53 240
20 54 273
20 55 140
20 56 136
20 57 160
20 58 42
20 59 133
20 60 214
20 61 314
20 62 397
20 63 130
20 64 188
20 65 286
20 66 336
20 67 341
20 68 367
20 69 461
20 70 561
20 71 136
20 72 157
20 73 161
20 74 198
20 75 262
20 76 310
20 77 99
20 78 182
20 79 235
20 80 329
20 81 370
20 82 371
20 83 53
20 84 90
20 85 159
20 86 211
20 87 294
20 88 296
20 89 374
20 90 258
20 91 44
20 92 104
20 93 126
20 94 225
20 95 250
20 96 93
20 97 104
20 98 158
20 99 227
20 100 234
21 1 165
21 2 189
21 3 238
21 4 296
21 5 254
21 6 276
21 7 362
21 8 369
21 9 421
21 10 469
21 11 473
21 12 371
21 13 404
21 14 439
21 15 537
21 16 138
21 17 177
21 18 206
21 19 286
21 20 311
21 21 0
21 22 79
21 23 124
21 24 132
21 25 216
21 26 238
21 27 247
21 28 318
21 29 312
21 30 389
21 31 454
21 32 525
21 33 375
21 34 456
21 35 523
21 36 236
21 37 126
21 38 211
21 39 273
21 40 228
21 41 229
21 42 281
21 43 364
21 44 252
21 45 295
21 46 356
21 47 284
21 48 217
21 49 310
21 50 355
21 51 307
21 52 334
21 53 277
21 54 353
21 55 261
21 56 274
21 57 298
21 58 306
21 59 397
21 60 395
21 61 495
21 62 578
21 63 394
21 64 349
21 65 365
21 66 415
21 67 420
21 68 446
21 69 540
21 70 640
21 71 133
21 72 164
21 73 191
21 74 285
21 75 349
21 76 397
21 77 96
21 78 179
21 79 266
21 80 360
21 81 401
21 82 402
21 83 174
21 84 211
21 85 280
21 86 291
21 87 374
21 88 327
21 89 405
21 90 396
21 91 308
21 92 368
21 93 390
21 94 431
21 95 456
21 96 214
21 97 225
21 98 279
21 99 348
21 100 355
22 1 86
22 2 110
22 3 159
22 4 217
22 5 175
22 6 197
22 7 283
22 8 290
22 9 342
22 10 390
22 11 394
22 12 292
22 13 325
22 14 360
22 15 458
22 16 59
22 17 98
22 18 127
22 19 207
22 20 232
22 21 235
22 22 0
22 23 45
22 24 53
22 25 137
22 26 159
22 27 168
22 28 239
22 29 233
22 30 310
22 31 375
22 32 446
22 33 296
22 34 377
22 35 444
22 36 157
22 37 47
22 38 132
22 39 194
22 40 149
22 41 150
22 42 202
22 43 285
22 44 173
22 45 216
22 46 277
22 47 205
22 48 138
22 49 231
22 50 276
22 51 228
22 52 255
22 53 198
22 54 274
22 55 182
22 56 195
22 57 219
22 58 227
22 59 318
22 60 316
22 61 416
22 62 499
22 63 315
22 64 270
22 65 286
22 66 336
22 67 341
22 68 367
22 69 461
22 70 561
22 71 54
22 72 85
22 73 112
22 74 206
22 75 270
22 76 318
22 77 17
22 78 100
22 79 187
22 80 281
22 81 322
22 82 323
22 83 95
22 84 132
22 85 201
22 86 212
22 87 295
22 88 248
22 89 326
22 90 317
22 91 229
22 92 289
22 93 311
22 94 352
22 95 377
22 96 135
22 97 146
22 98 200
22 99 269
22 100 276
23 1 41
23 2 65
23 3 114
23 4 172
23 5 147
23 6 169
23 7 255
23 8 262
23 9 314
23 10 362
23 11 349
23 12 247
23 13 280
23 14 330
23 15 428
23 16 14
23 17 53
23 18 82
23 19 162
23 20 204
23 21 207
23 22 286
23 23 0
23 24 8
23 25 92
23 26 114
23 27 123
23 28 194
23 29 205
23 30 282
23 31 347
23 32 418
23 33 268
23 34 349
23 35 416
23 36 112
23 37 2
23 38 87
23 39 149
23 40 104
23 41 105
23 42 157
23 43 257
23 44 145
23 45 188
23 46 249
23 47 160
23 48 110
23 49 203
23 50 248
23 51 200
23 52 227
23 53 153
23 54 229
23 55 154
23 56 150
23 57 174
23 58 182
23 59 273
23 60 271
23 61 371
23 62 454
23 63 270
23 64 242
23 65 241
23 66 291
23 67 296
23 68 322
23 69 416
23 70 516
23 71 9
23 72 40
23 73 67
23 74 161
23 75 225
23 76 273
23 77 292
23 78 244
23 79 249
23 80 343
23 81 384
23 82 385
23 83 67
23 84 104
23 85 173
23 86 167
23 87 250
23 88 256
23 89 334
23 90 272
23 91 184
23 92 244
23 93 266
23 94 324
23 95 349
23 96 107
23 97 118
23 98 172
23 99 240
23 100 247
24 1 471
24 2 495
24 3 544
24 4 317
24 5 363
24 6 385
24 7 471
24 8 478
24 9 530
24 10 578
24 11 552
24 12 562
24 13 595
24 14 566
24 15 664
24 16 425
24 17 464
24 18 317
24 19 397
24 20 474
24 21 477
24 22 556
24 23 521
24 24 0
24 25 84
24 26 106
24 27 115
24 28 186
24 29 285
24 30 362
24 31 427
24 32 498
24 33 511
24 34 592
24 35 659
24 36 411
24 37 432
24 38 517
24 39 579
24 40 534
24 41 250
24 42 302
24 43 402
24 44 427
24 45 470
24 46 531
24 47 395
24 48 467
24 49 560
24 50 491
24 51 443
24 52 470
24 53 388
24 54 464
24 55 500
24 56 571
24 57 595
24 58 516
24 59 607
24 60 263
24 61 363
24 62 446
24 63 473
24 64 485
24 65 476
24 66 526
24 67 531
24 68 557
24 69 651
24 70 751
24 71 500
24 72 470
24 73 497
24 74 591
24 75 655
24 76 703
24 77 573
24 78 526
24 79 595
24 80 689
24 81 730
24 82 731
24 83 497
24 84 534
24 85 603
24 86 402
24 87 485
24 88 491
24 89 569
24 90 570
24 91 518
24 92 578
24 93 600
24 94 462
24 95 487
24 96 498
24 97 464
24 98 518
24 99 475
24 100 482
25 1 387
25 2 411
25 3 460
25 4 233
25 5 279
25 6 301
25 7 387
25 8 394
25 9 446
25 10 494
25 11 468
25 12 478
25 13 511
25 14 482
25 15 580
25 16 341
25 17 380
25 18 233
25 19 313
25 20 390
25 21 393
25 22 472
25 23 437
25 24 259
25 25 0
25 26 22
25 27 31
25 28 102
25 29 201
25 30 278
25 31 343
25 32 414
25 33 427
25 34 508
25 35 575
25 36 327
25 37 348
25 38 433
25 39 495
25 40 450
25 41 166
25 42 218
25 43 318
25 44 343
25 45 386
25 46 447
25 47 311
25 48 383
25 49 476
25 50 407
25 51 359
25 52 386
25 53 304
25 54 380
25 55 416
25 56 487
25 57 511
25 58 432
25 59 523
25 60 179
25 61 279
25 62 362
25 63 389
25 64 401
25 65 392
25 66 442
25 67 447
25 68 473
25 69 567
25 70 667
25 71 416
25 72 386
25 73 413
25 74 507
25 75 571
25 76 619
25 77 489
25 78 442
25 79 511
25 80 605
25 81 646
25 82 647
25 83 413
25 84 450
25 85 519
25 86 318
25 87 401
25 88 407
25 89 485
25 90 486
25 91 434
25 92 494
25 93 516
25 94 378
25 95 403
25 96 414
25 97 380
25 98 434
25 99 391
25 100 398
26 1 365
26 2 389
26 3 438
26 4 211
26 5 257
26 6 279
26 7 365
26 8 372
26 9 424
26 10 472
26 11 446
26 12 456
26 13 489
26 14 460
26 15 558
26 16 319
26 17 358
26 18 211
26 19 291
26 20 368
26 21 371
26 22 450
26 23 415
26 24 237
26 25 321
26 26 0
26 27 9
26 28 80
26 29 179
26 30 256
26 31 321
26 32 392
26 33 405
26 34 486
26 35 553
26 36 305
26 37 326
26 38 411
26 39 473
26 40 428
26 41 144
26 42 196
26 43 296
26 44 321
26 45 364
26 46 425
26 47 289
26 48 361
26 49 454
26 50 385
26 51 337
26 52 364
26 53 282
26 54 358
26 55 394
26 56 465
26 57 489
26 58 410
26 59 501
26 60 157
26 61 257
26 62 340
26 63 367
26 64 379
26 65 370
26 66 420
26 67 425
26 68 451
26 69 545
26 70 645
26 71 394
26 72 364
26 73 391
26 74 485
26 75 549
26 76 597
26 77 467
26 78 420
26 79 489
26 80 583
26 81 624
26 82 625
26 83 391
26 84 428
26 85 497
26 86 296
26 87 379
26 88 385
26 89 463
26 90 464
26 91 412
26 92 472
26 93 494
26 94 356
26 95 381
26 96 392
26 97 358
26 98 412
26 99 369
26 100 376
27 1 356
27 2 380
27 3 429
27 4 202
27 5 248
27 6 270
27 7 356
27 8 363
27 9 415
27 10 463
27 11 437
27 12 447
27 13 480
27 14 451
27 15 549
27 16 310
27 17 349
27 18 202
27 19 282
27 20 359
27 21 362
27 22 441
27 23 406
27 24 228
27 25 312
27 26 334
27 27 0
27 28 71
27 29 170
27 30 247
27 31 312
27 32 383
27 33 396
27 34 477
27 35 544
27 36 296
27 37 317
27 38 402
27 39 464
27 40 419
27 41 135
27 42 187
27 43 287
27 44 312
27 45 355
27 46 416
27 47 280
27 48 352
27 49 445
27 50 376
27 51 328
27 52 355
27 53 273
27 54 349
27 55 385
27 56 456
27 57 480
27 58 401
27 59 492
27 60 148
27 61 248
27 62 331
27 63 358
27 64 370
27 65 361
27 66 411
27 67 416
27 68 442
27 69 536
27 70 636
27 71 385
27 72 355
27 73 382
27 74 476
27 75 540
27 76 588
27 77 458
27 78 411
27 79 480
27 80 574
27 81 615
27 82 616
27 83 382
27 84 419
27 85 488
27 86 287
27 87 370
27 88 376
27 89 454
27 90 455
27 91 403
27 92 463
27 93 485
27 94 347
27 95 372
27 96 383
27 97 349
27 98 403
27 99 360
27 100 367
28 1 285
28 2 309
28 3 358
28 4 131
28 5 177
28 6 199
28 7 285
28 8 292
28 9 344
28 10 392
28 11 366
28 12 376
28 13 409
28 14 380
28 15 478
28 16 239
28 17 278
28 18 131
28 19 211
28 20 288
28 21 291
28 22 370
28 23 335
28 24 157
28 25 241
28 26 263
28 27 204
28 28 0
28 29 99
28 30 176
28 31 241
28 32 312
28 33 325
28 34 406
28 35 473
28 36 225
28 37 246
28 38 331
28 39 393
28 40 348
28 41 64
28 42 116
28 43 216
28 44 241
28 45 284
28 46 345
28 47 209
28 48 281
28 49 374
28 50 305
28 51 257
28 52 284
28 53 202
28 54 278
28 55 314
28 56 385
28 57 409
28 58 330
28 59 421
28 60 77
28 61 177
28 62 260
28 63 287
28 64 299
28 65 290
28 66 340
28 67 345
28 68 371
28 69 465
28 70 565
28 71 314
28 72 284
28 73 311
28 74 405
28 75 469
28 76 517
28 77 387
28 78 340
28 79 409
28 80 503
28 81 544
28 82 545
28 83 311
28 84 348
28 85 417
28 86 216
28 87 299
28 88 305
28 89 383
28 90 384
28 91 332
28 92 392
28 93 414
28 94 276
28 95 301
28 96 312
28 97 278
28 98 332
28 99 289
28 100 296
29 1 406
29 2 409
29 3 409
29 4 434
29 5 301
29 6 323
29 7 409
29 8 416
29 9 468
29 10 516
29 11 567
29 12 465
29 13 498
29 14 481
29 15 579
29 16 379
29 17 418
29 18 447
29 19 527
29 20 358
29 21 361
29 22 440
29 23 365
29 24 373
29 25 457
29 26 321
29 27 328
29 28 399
29 29 0
29 30 77
29 31 142
29 32 213
29 33 231
29 34 312
29 35 379
29 36 390
29 37 367
29 38 368
29 39 430
29 40 366
29 41 367
29 42 419
29 43 438
29 44 266
29 45 309
29 46 370
29 47 411
29 48 454
29 49 547
29 50 510
29 51 381
29 52 408
29 53 435
29 54 511
29 55 308
29 56 379
29 57 403
29 58 400
29 59 491
29 60 476
29 61 435
29 62 518
29 63 488
29 64 423
29 65 521
29 66 571
29 67 375
29 68 401
29 69 495
29 70 595
29 71 374
29 72 405
29 73 329
29 74 423
29 75 487
29 76 535
29 77 457
29 78 365
29 79 403
29 80 497
29 81 538
29 82 539
29 83 411
29 84 448
29 85 517
29 86 445
29 87 528
29 88 464
29 89 542
29 90 501
29 91 402
29 92 462
29 93 484
29 94 445
29 95 250
29 96 261
29 97 272
29 98 326
29 99 395
29 100 402
30 1 329
30 2 332
30 3 332
30 4 357
30 5 224
30 6 246
30 7 332
30 8 339
30 9 391
30 10 439
30 11 490
30 12 388
30 13 421
30 14 404
30 15 502
30 16 302
30 17 341
30 18 370
30 19 450
30 20 281
30 21 284
30 22 363
30 23 288
30 24 296
30 25 380
30 26 244
30 27 251
30 28 322
30 29 282
30 30 0
30 31 65
30 32 136
30 33 154
30 34 235
30 35 302
30 36 313
30 37 290
30 38 291
30 39 353
30 40 289
30 41 290
30 42 342
30 43 361
30 44 189
30 45 232
30 46 293
30 47 334
30 48 377
30 49 470
30 50 433
30 51 304
30 52 331
30 53 358
30 54 434
30 55 231
30 56 302
30 57 326
30 58 323
30 59 414
30 60 399
30 61 358
30 62 441
30 63 411
30 64 346
30 65 444
30 66 494
30 67 298
30 68 324
30 69 418
30 70 518
30 71 297
30 72 328
30 73 252
30 74 346
30 75 410
30 76 458
30 77 380
30 78 288
30 79 326
30 80 420
30 81 461
30 82 462
30 83 334
30 84 371
30 85 440
30 86 368
30 87 451
30 88 387
30 89 465
30 90 424
30 91 325
30 92 385
30 93 407
30 94 368
30 95 173
30 96 184
30 97 195
30 98 249
30 99 318
30 100 325
31 1 264
31 2 267
31 3 267
31 4 292
31 5 159
31 6 181
31 7 267
31 8 274
31 9 326
31 10 374
31 11 425
31 12 323
31 13 356
31 14 339
31 15 437
31 16 237
31 17 276
31 18 305
31 19 385
31 20 216
31 21 219
31 22 298
31 23 223
31 24 231
31 25 315
31 26 179
31 27 186
31 28 257
31 29 217
31 30 248
31 31 0
31 32 71
31 33 89
31 34 170
31 35 237
31 36 248
31 37 225
31 38 226
31 39 288
31 40 224
31 41 225
31 42 277
31 43 296
31 44 124
31 45 167
31 46 228
31 47 269
31 48 312
31 49 405
31 50 368
31 51 239
31 52 266
31 53 293
31 54 369
31 55 166
31 56 237
31 57 261
31 58 258
31 59 349
31 60 334
31 61 293
31 62 376
31 63 346
31 64 281
31 65 379
31 66 429
31 67 233
31 68 259
31 69 353
31 70 453
31 71 232
31 72 263
31 73 187
31 74 281
31 75 345
31 76 393
31 77 315
31 78 223
31 79 261
31 80 355
31 81 396
31 82 397
31 83 269
31 84 306
31 85 375
31 86 303
31 87 386
31 88 322
31 89 400
31 90 359
31 91 260
31 92 320
31 93 342
31 94 303
31 95 108
31 96 119
31 97 130
31 98 184
31 99 253
31 100 260
32 1 193
32 2 196
32 3 196
32 4 221
32 5 88
32 6 110
32 7 196
32 8 203
32 9 255
32 10 303
32 11 354
32 12 252
32 13 285
32 14 268
32 15 366
32 16 166
32 17 205
32 18 234
32 19 314
32 20 145
32 21 148
32 22 227
32 23 152
32 24 160
32 25 244
32 26 108
32 27 115
32 28 186
32 29 146
32 30 177
32 31 242
32 32 0
32 33 18
32 34 99
32 35 166
32 36 177
32 37 154
32 38 155
32 39 217
32 40 153
32 41 154
32 42 206
32 43 225
32 44 53
32 45 96
32 46 157
32 47 198
32 48 241
32 49 334
32 50 297
32 51 168
32 52 195
32 53 222
32 54 298
32 55 95
32 56 166
32 57 190
32 58 187
32 59 278
32 60 263
32 61 222
32 62 305
32 63 275
32 64 210
32 65 308
32 66 358
32 67 162
32 68 188
32 69 282
32 70 382
32 71 161
32 72 192
32 73 116
32 74 210
32 75 274
32 76 322
32 77 244
32 78 152
32 79 190
32 80 284
32 81 325
32 82 326
32 83 198
32 84 235
32 85 304
32 86 232
32 87 315
32 88 251
32 89 329
32 90 288
32 91 189
32 92 249
32 93 271
32 94 232
32 95 37
32 96 48
32 97 59
32 98 113
32 99 182
32 100 189
33 1 192
33 2 216
33 3 265
33 4 303
33 5 298
33 6 320
33 7 406
33 8 413
33 9 465
33 10 513
33 11 393
33 12 398
33 13 431
33 14 250
33 15 348
33 16 173
33 17 212
33 18 260
33 19 340
33 20 355
33 21 300
33 22 379
33 23 362
33 24 286
33 25 315
33 26 337
33 27 325
33 28 396
33 29 356
33 30 159
33 31 224
33 32 295
33 33 0
33 34 81
33 35 148
33 36 159
33 37 180
33 38 137
33 39 199
33 40 235
33 41 236
33 42 288
33 43 388
33 44 296
33 45 339
33 46 400
33 47 338
33 48 261
33 49 354
33 50 399
33 51 351
33 52 378
33 53 331
33 54 407
33 55 305
33 56 301
33 57 325
33 58 333
33 59 424
33 60 473
33 61 204
33 62 287
33 63 314
33 64 372
33 65 419
33 66 469
33 67 144
33 68 170
33 69 264
33 70 364
33 71 371
33 72 218
33 73 245
33 74 339
33 75 403
33 76 451
33 77 396
33 78 395
33 79 400
33 80 494
33 81 535
33 82 536
33 83 218
33 84 255
33 85 324
33 86 345
33 87 428
33 88 367
33 89 328
33 90 329
33 91 335
33 92 395
33 93 417
33 94 303
33 95 328
33 96 258
33 97 269
33 98 323
33 99 392
33 100 399
34 1 111
34 2 135
34 3 184
34 4 222
34 5 217
34 6 239
34 7 325
34 8 332
34 9 384
34 10 432
34 11 312
34 12 317
34 13 350
34 14 169
34 15 267
34 16 92
34 17 131
34 18 179
34 19 259
34 20 274
34 21 219
34 22 298
34 23 281
34 24 205
34 25 234
34 26 256
34 27 244
34 28 315
34 29 275
34 30 78
34 31 143
34 32 214
34 33 232
34 34 0
34 35 67
34 36 78
34 37 99
34 38 56
34 39 118
34 40 154
34 41 155
34 42 207
34 43 307
34 44 215
34 45 258
34 46 319
34 47 257
34 48 180
34 49 273
34 50 318
34 51 270
34 52 297
34 53 250
34 54 326
34 55 224
34 56 220
34 57 244
34 58 252
34 59 343
34 60 392
34 61 123
34 62 206
34 63 233
34 64 291
34 65 338
34 66 388
34 67 63
34 68 89
34 69 183
34 70 283
34 71 290
34 72 137
34 73 164
34 74 258
34 75 322
34 76 370
34 77 315
34 78 314
34 79 319
34 80 413
34 81 454
34 82 455
34 83 137
34 84 174
34 85 243
34 86 264
34 87 347
34 88 286
34 89 247
34 90 248
34 91 254
34 92 314
34 93 336
34 94 222
34 95 247
34 96 177
34 97 188
34 98 242
34 99 311
34 100 318
35 1 71
35 2 95
35 3 144
35 4 202
35 5 177
35 6 199
35 7 285
35 8 292
35 9 344
35 10 392
35 11 245
35 12 255
35 13 288
35 14 338
35 15 436
35 16 25
35 17 64
35 18 112
35 19 192
35 20 234
35 21 237
35 22 316
35 23 241
35 24 138
35 25 194
35 26 216
35 27 204
35 28 275
35 29 235
35 30 307
35 31 372
35 32 443
35 33 298
35 34 379
35 35 0
35 36 11
35 37 32
35 38 117
35 39 179
35 40 134
35 41 135
35 42 187
35 43 287
35 44 175
35 45 218
35 46 279
35 47 190
35 48 140
35 49 233
35 50 278
35 51 230
35 52 257
35 53 183
35 54 259
35 55 184
35 56 180
35 57 204
35 58 212
35 59 303
35 60 352
35 61 56
35 62 139
35 63 166
35 64 224
35 65 271
35 66 321
35 67 326
35 68 352
35 69 446
35 70 546
35 71 239
35 72 70
35 73 97
35 74 191
35 75 255
35 76 303
35 77 322
35 78 274
35 79 279
35 80 373
35 81 414
35 82 415
35 83 97
35 84 134
35 85 203
35 86 197
35 87 280
35 88 286
35 89 364
35 90 302
35 91 214
35 92 274
35 93 296
35 94 155
35 95 180
35 96 137
35 97 148
35 98 202
35 99 270
35 100 277
36 1 60
36 2 84
36 3 133
36 4 191
36 5 166
36 6 188
36 7 274
36 8 281
36 9 333
36 10 381
36 11 368
36 12 266
36 13 299
36 14 349
36 15 447
36 16 14
36 17 53
36 18 101
36 19 181
36 20 223
36 21 226
36 22 305
36 23 230
36 24 127
36 25 183
36 26 205
36 27 193
36 28 264
36 29 224
36 30 301
36 31 366
36 32 437
36 33 287
36 34 368
36 35 435
36 36 0
36 37 21
36 38 106
36 39 168
36 40 123
36 41 124
36 42 176
36 43 276
36 44 164
36 45 207
36 46 268
36 47 179
36 48 129
36 49 222
36 50 267
36 51 219
36 52 246
36 53 172
36 54 248
36 55 173
36 56 169
36 57 193
36 58 201
36 59 292
36 60 341
36 61 441
36 62 524
36 63 289
36 64 261
36 65 260
36 66 310
36 67 315
36 68 341
36 69 435
36 70 535
36 71 239
36 72 59
36 73 86
36 74 180
36 75 244
36 76 292
36 77 311
36 78 263
36 79 268
36 80 362
36 81 403
36 82 404
36 83 86
36 84 123
36 85 192
36 86 186
36 87 269
36 88 275
36 89 353
36 90 291
36 91 203
36 92 263
36 93 285
36 94 343
36 95 368
36 96 126
36 97 137
36 98 191
36 99 259
36 100 266
37 1 39
37 2 63
37 3 112
37 4 170
37 5 145
37 6 167
37 7 253
37 8 260
37 9 312
37 10 360
37 11 347
37 12 245
37 13 278
37 14 328
37 15 426
37 16 12
37 17 51
37 18 80
37 19 160
37 20 202
37 21 205
37 22 284
37 23 209
37 24 106
37 25 162
37 26 184
37 27 172
37 28 243
37 29 203
37 30 280
37 31 345
37 32 416
37 33 266
37 34 347
37 35 414
37 36 110
37 37 0
37 38 85
37 39 147
37 40 102
37 41 103
37 42 155
37 43 255
37 44 143
37 45 186
37 46 247
37 47 158
37 48 108
37 49 201
37 50 246
37 51 198
37 52 225
37 53 151
37 54 227
37 55 152
37 56 148
37 57 172
37 58 180
37 59 271
37 60 320
37 61 420
37 62 503
37 63 268
37 64 240
37 65 239
37 66 289
37 67 294
37 68 320
37 69 414
37 70 514
37 71 218
37 72 38
37 73 65
37 74 159
37 75 223
37 76 271
37 77 290
37 78 242
37 79 247
37 80 341
37 81 382
37 82 383
37 83 65
37 84 102
37 85 171
37 86 165
37 87 248
37 88 254
37 89 332
37 90 270
37 91 182
37 92 242
37 93 264
37 94 322
37 95 347
37 96 105
37 97 116
37 98 170
37 99 238
37 100 245
38 1 471
38 2 485
38 3 474
38 4 166
38 5 212
38 6 234
38 7 320
38 8 327
38 9 379
38 10 427
38 11 499
38 12 509
38 13 542
38 14 524
38 15 622
38 16 444
38 17 483
38 18 441
38 19 521
38 20 508
38 21 511
38 22 590
38 23 430
38 24 414
38 25 498
38 26 331
38 27 239
38 28 310
38 29 409
38 30 417
38 31 457
38 32 528
38 33 360
38 34 441
38 35 508
38 36 519
38 37 432
38 38 0
38 39 62
38 40 98
38 41 99
38 42 151
38 43 251
38 44 276
38 45 319
38 46 380
38 47 421
38 48 493
38 49 586
38 50 491
38 51 292
38 52 319
38 53 346
38 54 422
38 55 373
38 56 444
38 57 468
38 58 476
38 59 567
38 60 387
38 61 487
38 62 570
38 63 532
38 64 334
38 65 432
38 66 482
38 67 487
38 68 513
38 69 607
38 70 707
38 71 349
38 72 407
38 73 146
38 74 240
38 75 304
38 76 352
38 77 371
38 78 375
38 79 462
38 80 556
38 81 597
38 82 598
38 83 487
38 84 524
38 85 593
38 86 356
38 87 439
38 88 445
38 89 523
38 90 524
38 91 478
38 92 538
38 93 560
38 94 455
38 95 480
38 96 491
38 97 422
38 98 476
38 99 433
38 100 440
39 1 409
39 2 423
39 3 412
39 4 104
39 5 150
39 6 172
39 7 258
39 8 265
39 9 317
39 10 365
39 11 437
39 12 447
39 13 480
39 14 462
39 15 560
39 16 382
39 17 421
39 18 379
39 19 459
39 20 446
39 21 449
39 22 528
39 23 368
39 24 352
39 25 436
39 26 269
39 27 177
39 28 248
39 29 347
39 30 355
39 31 395
39 32 466
39 33 298
39 34 379
39 35 446
39 36 457
39 37 370
39 38 435
39 39 0
39 40 36
39 41 37
39 42 89
39 43 189
39 44 214
39 45 257
39 46 318
39 47 359
39 48 431
39 49 524
39 50 429
39 51 230
39 52 257
39 53 284
39 54 360
39 55 311
39 56 382
39 57 406
39 58 414
39 59 505
39 60 325
39 61 425
39 62 508
39 63 470
39 64 272
39 65 370
39 66 420
39 67 425
39 68 451
39 69 545
39 70 645
39 71 287
39 72 345
39 73 84
39 74 178
39 75 242
39 76 290
39 77 309
39 78 313
39 79 400
39 80 494
39 81 535
39 82 536
39 83 425
39 84 462
39 85 531
39 86 294
39 87 377
39 88 383
39 89 461
39 90 462
39 91 416
39 92 476
39 93 498
39 94 393
39 95 418
39 96 429
39 97 360
39 98 414
39 99 371
39 100 378
40 1 373
40 2 387
40 3 376
40 4 68
40 5 114
40 6 136
40 7 222
40 8 229
40 9 281
40 10 329
40 11 401
40 12 411
40 13 444
40 14 426
40 15 524
40 16 346
40 17 385
40 18 343
40 19 423
40 20 410
40 21 413
40 22 492
40 23 332
40 24 316
40 25 400
40 26 233
40 27 141
40 28 212
40 29 311
40 30 319
40 31 359
40 32 430
40 33 262
40 34 343
40 35 410
40 36 421
40 37 334
40 38 399
40 39 461
40 40 0
40 41 1
40 42 53
40 43 153
40 44 178
40 45 221
40 46 282
40 47 323
40 48 395
40 49 488
40 50 393
40 51 194
40 52 221
40 53 248
40 54 324
40 55 275
40 56 346
40 57 370
40 58 378
40 59 469
40 60 289
40 61 389
40 62 472
40 63 434
40 64 236
40 65 334
40 66 384
40 67 389
40 68 415
40 69 509
40 70 609
40 71 251
40 72 309
40 73 48
40 74 142
40 75 206
40 76 254
40 77 273
40 78 277
40 79 364
40 80 458
40 81 499
40 82 500
40 83 389
40 84 426
40 85 495
40 86 258
40 87 341
40 88 347
40 89 425
40 90 426
40 91 380
40 92 440
40 93 462
40 94 357
40 95 382
40 96 393
40 97 324
40 98 378
40 99 335
40 100 342
41 1 372
41 2 386
41 3 375
41 4 67
41 5 113
41 6 135
41 7 221
41 8 228
41 9 280
41 10 328
41 11 400
41 12 410
41 13 443
41 14 425
41 15 523
41 16 345
41 17 384
41 18 342
41 19 422
41 20 409
41 21 412
41 22 491
41 23 331
41 24 315
41 25 399
41 26 232
41 27 140
41 28 211
41 29 310
41 30 318
41 31 358
41 32 429
41 33 261
41 34 342
41 35 409
41 36 420
41 37 333
41 38 398
41 39 460
41 40 372
41 41 0
41 42 52
41 43 152
41 44 177
41 45 220
41 46 281
41 47 322
41 48 394
41 49 487
41 50 392
41 51 193
41 52 220
41 53 247
41 54 323
41 55 274
41 56 345
41 57 369
41 58 377
41 59 468
41 60 288
41 61 388
41 62 471
41 63 433
41 64 235
41 65 333
41 66 383
41 67 388
41 68 414
41 69 508
41 70 608
41 71 250
41 72 308
41 73 335
41 74 429
41 75 493
41 76 541
41 77 508
41 78 276
41 79 363
41 80 457
41 81 498
41 82 499
41 83 388
41 84 425
41 85 494
41 86 257
41 87 340
41 88 346
41 89 424
41 90 425
41 91 379
41 92 439
41 93 461
41 94 356
41 95 381
41 96 392
41 97 323
41 98 377
41 99 334
41 100 341
42 1 320
42 2 334
42 3 323
42 4 15
42 5 61
42 6 83
42 7 169
42 8 176
42 9 228
42 10 276
42 11 348
42 12 358
42 13 391
42 14 373
42 15 471
42 16 293
42 17 332
42 18 290
42 19 370
42 20 357
42 21 360
42 22 439
42 23 279
42 24 263
42 25 347
42 26 180
42 27 88
42 28 159
42 29 258
42 30 266
42 31 306
42 32 377
42 33 209
42 34 290
42 35 357
42 36 368
42 37 281
42 38 346
42 39 408
42 40 320
42 41 193
42 42 0
42 43 100
42 44 125
42 45 168
42 46 229
42 47 270
42 48 342
42 49 435
42 50 340
42 51 141
42 52 168
42 53 195
42 54 271
42 55 222
42 56 293
42 57 317
42 58 325
42 59 416
42 60 236
42 61 336
42 62 419
42 63 381
42 64 183
42 65 281
42 66 331
42 67 336
42 68 362
42 69 456
42 70 556
42 71 198
42 72 256
42 73 283
42 74 377
42 75 441
42 76 489
42 77 456
42 78 224
42 79 311
42 80 405
42 81 446
42 82 447
42 83 336
42 84 373
42 85 442
42 86 205
42 87 288
42 88 294
42 89 372
42 90 373
42 91 327
42 92 387
42 93 409
42 94 304
42 95 329
42 96 340
42 97 271
42 98 325
42 99 282
42 100 289
43 1 385
43 2 388
43 3 388
43 4 291
43 5 280
43 6 302
43 7 388
43 8 395
43 9 447
43 10 495
43 11 480
43 12 378
43 13 411
43 14 461
43 15 559
43 16 358
43 17 397
43 18 291
43 19 371
43 20 337
43 21 340
43 22 419
43 23 344
43 24 317
43 25 401
43 26 80
43 27 89
43 28 160
43 29 259
43 30 336
43 31 401
43 32 472
43 33 428
43 34 509
43 35 576
43 36 385
43 37 346
43 38 431
43 39 493
43 40 345
43 41 224
43 42 276
43 43 0
43 44 25
43 45 68
43 46 129
43 47 170
43 48 242
43 49 335
43 50 318
43 51 360
43 52 387
43 53 362
43 54 419
43 55 287
43 56 358
43 57 382
43 58 379
43 59 470
43 60 237
43 61 337
43 62 420
43 63 401
43 64 402
43 65 450
43 66 500
43 67 505
43 68 531
43 69 625
43 70 725
43 71 353
43 72 322
43 73 308
43 74 402
43 75 466
43 76 514
43 77 436
43 78 124
43 79 211
43 80 305
43 81 346
43 82 347
43 83 390
43 84 427
43 85 496
43 86 376
43 87 459
43 88 272
43 89 350
43 90 351
43 91 381
43 92 441
43 93 463
43 94 204
43 95 229
43 96 240
43 97 251
43 98 305
43 99 374
43 100 381
44 1 360
44 2 363
44 3 363
44 4 266
44 5 255
44 6 277
44 7 363
44 8 370
44 9 422
44 10 470
44 11 455
44 12 353
44 13 386
44 14 436
44 15 534
44 16 333
44 17 372
44 18 266
44 19 346
44 20 312
44 21 315
44 22 394
44 23 319
44 24 292
44 25 376
44 26 55
44 27 64
44 28 135
44 29 234
44 30 311
44 31 376
44 32 447
44 33 403
44 34 484
44 35 551
44 36 360
44 37 321
44 38 406
44 39 468
44 40 320
44 41 199
44 42 251
44 43 351
44 44 0
44 45 43
44 46 104
44 47 145
44 48 217
44 49 310
44 50 293
44 51 335
44 52 362
44 53 337
44 54 394
44 55 262
44 56 333
44 57 357
44 58 354
44 59 445
44 60 212
44 61 312
44 62 395
44 63 376
44 64 377
44 65 425
44 66 475
44 67 480
44 68 506
44 69 600
44 70 700
44 71 328
44 72 297
44 73 283
44 74 377
44 75 441
44 76 489
44 77 411
44 78 99
44 79 186
44 80 280
44 81 321
44 82 322
44 83 365
44 84 402
44 85 471
44 86 351
44 87 434
44 88 247
44 89 325
44 90 326
44 91 356
44 92 416
44 93 438
44 94 179
44 95 204
44 96 215
44 97 226
44 98 280
44 99 349
44 100 356
45 1 317
45 2 320
45 3 320
45 4 345
45 5 212
45 6 234
45 7 320
45 8 327
45 9 379
45 10 427
45 11 412
45 12 310
45 13 343
45 14 393
45 15 491
45 16 290
45 17 329
45 18 358
45 19 438
45 20 269
45 21 272
45 22 351
45 23 276
45 24 284
45 25 368
45 26 390
45 27 239
45 28 310
45 29 270
45 30 347
45 31 412
45 32 483
45 33 360
45 34 441
45 35 508
45 36 367
45 37 278
45 38 363
45 39 425
45 40 277
45 41 278
45 42 330
45 43 349
45 44 374
45 45 0
45 46 61
45 47 102
45 48 174
45 49 267
45 50 250
45 51 292
45 52 319
45 53 346
45 54 351
45 55 219
45 56 290
45 57 314
45 58 311
45 59 402
45 60 387
45 61 487
45 62 570
45 63 333
45 64 334
45 65 432
45 66 482
45 67 487
45 68 513
45 69 607
45 70 707
45 71 285
45 72 254
45 73 240
45 74 334
45 75 398
45 76 446
45 77 368
45 78 56
45 79 143
45 80 237
45 81 278
45 82 279
45 83 322
45 84 359
45 85 428
45 86 356
45 87 439
45 88 204
45 89 282
45 90 283
45 91 313
45 92 373
45 93 395
45 94 136
45 95 161
45 96 172
45 97 183
45 98 237
45 99 306
45 100 313
46 1 256
46 2 259
46 3 259
46 4 284
46 5 151
46 6 173
46 7 259
46 8 266
46 9 318
46 10 366
46 11 417
46 12 315
46 13 348
46 14 336
46 15 434
46 16 229
46 17 268
46 18 297
46 19 377
46 20 208
46 21 211
46 22 290
46 23 215
46 24 223
46 25 307
46 26 329
46 27 178
46 28 249
46 29 209
46 30 286
46 31 351
46 32 422
46 33 299
46 34 380
46 35 447
46 36 306
46 37 217
46 38 302
46 39 364
46 40 216
46 41 217
46 42 269
46 43 288
46 44 313
46 45 356
46 46 0
46 47 41
46 48 113
46 49 206
46 50 251
46 51 231
46 52 258
46 53 285
46 54 290
46 55 158
46 56 229
46 57 253
46 58 250
46 59 341
46 60 326
46 61 426
46 62 509
46 63 338
46 64 273
46 65 371
46 66 421
46 67 426
46 68 452
46 69 546
46 70 646
46 71 224
46 72 255
46 73 179
46 74 273
46 75 337
46 76 385
46 77 307
46 78 390
46 79 253
46 80 347
46 81 388
46 82 389
46 83 261
46 84 298
46 85 367
46 86 295
46 87 378
46 88 314
46 89 392
46 90 351
46 91 252
46 92 312
46 93 334
46 94 75
46 95 100
46 96 111
46 97 122
46 98 176
46 99 245
46 100 252
47 1 361
47 2 385
47 3 399
47 4 346
47 5 392
47 6 414
47 7 500
47 8 507
47 9 559
47 10 607
47 11 568
47 12 466
47 13 499
47 14 351
47 15 449
47 16 369
47 17 408
47 18 437
47 19 517
47 20 524
47 21 401
47 22 480
47 23 355
47 24 363
47 25 447
47 26 331
47 27 340
47 28 411
47 29 510
47 30 435
47 31 500
47 32 571
47 33 378
47 34 459
47 35 526
47 36 432
47 37 357
47 38 442
47 39 504
47 40 278
47 41 279
47 42 331
47 43 367
47 44 392
47 45 435
47 46 496
47 47 0
47 48 72
47 49 165
47 50 210
47 51 310
47 52 337
47 53 364
47 54 249
47 55 298
47 56 369
47 57 393
47 58 401
47 59 492
47 60 488
47 61 582
47 62 665
47 63 489
47 64 352
47 65 450
47 66 500
47 67 505
47 68 531
47 69 625
47 70 725
47 71 364
47 72 214
47 73 241
47 74 335
47 75 399
47 76 447
47 77 466
47 78 491
47 79 569
47 80 663
47 81 704
47 82 705
47 83 387
47 84 424
47 85 493
47 86 522
47 87 605
47 88 611
47 89 689
47 90 491
47 91 403
47 92 463
47 93 485
47 94 571
47 95 596
47 96 427
47 97 438
47 98 492
47 99 260
47 100 267
48 1 289
48 2 313
48 3 327
48 4 274
48 5 320
48 6 342
48 7 428
48 8 435
48 9 487
48 10 535
48 11 496
48 12 394
48 13 427
48 14 279
48 15 377
48 16 297
48 17 336
48 18 365
48 19 445
48 20 452
48 21 329
48 22 408
48 23 283
48 24 291
48 25 375
48 26 259
48 27 268
48 28 339
48 29 438
48 30 363
48 31 428
48 32 499
48 33 306
48 34 387
48 35 454
48 36 360
48 37 285
48 38 370
48 39 432
48 40 206
48 41 207
48 42 259
48 43 295
48 44 320
48 45 363
48 46 424
48 47 443
48 48 0
48 49 93
48 50 138
48 51 238
48 52 265
48 53 292
48 54 177
48 55 226
48 56 297
48 57 321
48 58 329
48 59 420
48 60 416
48 61 510
48 62 593
48 63 417
48 64 280
48 65 378
48 66 428
48 67 433
48 68 459
48 69 553
48 70 653
48 71 292
48 72 142
48 73 169
48 74 263
48 75 327
48 76 375
48 77 394
48 78 419
48 79 497
48 80 591
48 81 632
48 82 633
48 83 315
48 84 352
48 85 421
48 86 450
48 87 533
48 88 539
48 89 617
48 90 419
48 91 331
48 92 391
48 93 413
48 94 499
48 95 524
48 96 355
48 97 366
48 98 420
48 99 188
48 100 195
49 1 196
49 2 220
49 3 234
49 4 181
49 5 227
49 6 249
49 7 335
49 8 342
49 9 394
49 10 442
49 11 403
49 12 301
49 13 334
49 14 186
49 15 284
49 16 204
49 17 243
49 18 272
49 19 352
49 20 359
49 21 236
49 22 315
49 23 190
49 24 198
49 25 282
49 26 166
49 27 175
49 28 246
49 29 345
49 30 270
49 31 335
49 32 406
49 33 213
49 34 294
49 35 361
49 36 267
49 37 192
49 38 277
49 39 339
49 40 113
49 41 114
49 42 166
49 43 202
49 44 227
49 45 270
49 46 331
49 47 350
49 48 142
49 49 0
49 50 45
49 51 145
49 52 172
49 53 199
49 54 84
49 55 133
49 56 204
49 57 228
49 58 236
49 59 327
49 60 323
49 61 417
49 62 500
49 63 324
49 64 187
49 65 285
49 66 335
49 67 340
49 68 366
49 69 460
49 70 560
49 71 199
49 72 49
49 73 76
49 74 170
49 75 234
49 76 282
49 77 301
49 78 326
49 79 404
49 80 498
49 81 539
49 82 540
49 83 222
49 84 259
49 85 328
49 86 357
49 87 440
49 88 446
49 89 524
49 90 326
49 91 238
49 92 298
49 93 320
49 94 406
49 95 431
49 96 262
49 97 273
49 98 327
49 99 95
49 100 102
50 1 326
50 2 350
50 3 367
50 4 136
50 5 182
50 6 204
50 7 290
50 8 297
50 9 349
50 10 397
50 11 469
50 12 423
50 13 456
50 14 332
50 15 430
50 16 299
50 17 338
50 18 367
50 19 447
50 20 316
50 21 319
50 22 398
50 23 285
50 24 222
50 25 306
50 26 237
50 27 209
50 28 280
50 29 317
50 30 225
50 31 290
50 32 361
50 33 168
50 34 249
50 35 316
50 36 327
50 37 287
50 38 305
50 39 367
50 40 68
50 41 69
50 42 121
50 43 157
50 44 182
50 45 225
50 46 286
50 47 327
50 48 97
50 49 190
50 50 0
50 51 100
50 52 127
50 53 154
50 54 230
50 55 266
50 56 337
50 57 361
50 58 358
50 59 449
50 60 357
50 61 372
50 62 455
50 63 446
50 64 142
50 65 240
50 66 290
50 67 295
50 68 321
50 69 415
50 70 515
50 71 157
50 72 4
50 73 31
50 74 125
50 75 189
50 76 237
50 77 256
50 78 281
50 79 361
50 80 455
50 81 496
50 82 497
50 83 352
50 84 389
50 85 458
50 86 326
50 87 409
50 88 415
50 89 479
50 90 459
50 91 360
50 92 420
50 93 442
50 94 361
50 95 386
50 96 392
50 97 230
50 98 284
50 99 241
50 100 248
51 1 226
51 2 250
51 3 267
51 4 119
51 5 165
51 6 187
51 7 273
51 8 280
51 9 332
51 10 380
51 11 425
51 12 323
51 13 356
51 14 232
51 15 330
51 16 199
51 17 238
51 18 267
51 19 347
51 20 216
51 21 219
51 22 298
51 23 185
51 24 122
51 25 206
51 26 137
51 27 146
51 28 217
51 29 217
51 30 125
51 31 190
51 32 261
51 33 68
51 34 149
51 35 216
51 36 227
51 37 187
51 38 205
51 39 267
51 40 179
51 41 52
51 42 104
51 43 57
51 44 82
51 45 125
51 46 186
51 47 227
51 48 208
51 49 301
51 50 346
51 51 0
51 52 27
51 53 54
51 54 130
51 55 166
51 56 237
51 57 261
51 58 258
51 59 349
51 60 294
51 61 272
51 62 355
51 63 346
51 64 42
51 65 140
51 66 190
51 67 195
51 68 221
51 69 315
51 70 415
51 71 57
51 72 115
51 73 142
51 74 236
51 75 300
51 76 348
51 77 315
51 78 181
51 79 261
51 80 355
51 81 396
51 82 397
51 83 252
51 84 289
51 85 358
51 86 309
51 87 392
51 88 322
51 89 379
51 90 359
51 91 260
51 92 320
51 93 342
51 94 261
51 95 286
51 96 292
51 97 130
51 98 184
51 99 141
51 100 148
52 1 215
52 2 239
52 3 240
52 4 92
52 5 138
52 6 160
52 7 246
52 8 253
52 9 305
52 10 353
52 11 398
52 12 296
52 13 329
52 14 205
52 15 303
52 16 210
52 17 249
52 18 278
52 19 358
52 20 189
52 21 192
52 22 271
52 23 196
52 24 95
52 25 179
52 26 185
52 27 165
52 28 236
52 29 190
52 30 200
52 31 265
52 32 336
52 33 41
52 34 122
52 35 189
52 36 200
52 37 198
52 38 178
52 39 240
52 40 197
52 41 25
52 42 77
52 43 177
52 44 202
52 45 245
52 46 306
52 47 347
52 48 284
52 49 377
52 50 341
52 51 218
52 52 0
52 53 27
52 54 103
52 55 139
52 56 210
52 57 234
52 58 231
52 59 322
52 60 313
52 61 245
52 62 328
52 63 319
52 64 260
52 65 358
52 66 408
52 67 185
52 68 211
52 69 305
52 70 405
52 71 205
52 72 236
52 73 160
52 74 254
52 75 318
52 76 366
52 77 288
52 78 301
52 79 234
52 80 328
52 81 369
52 82 370
52 83 241
52 84 278
52 85 347
52 86 282
52 87 365
52 88 295
52 89 369
52 90 332
52 91 233
52 92 293
52 93 315
52 94 344
52 95 369
52 96 281
52 97 103
52 98 157
52 99 114
52 100 121
53 1 188
53 2 212
53 3 213
53 4 238
53 5 284
53 6 293
53 7 379
53 8 386
53 9 438
53 10 486
53 11 371
53 12 269
53 13 302
53 14 178
53 15 276
53 16 183
53 17 222
53 18 251
53 19 331
53 20 162
53 21 165
53 22 244
53 23 169
53 24 68
53 25 152
53 26 158
53 27 167
53 28 238
53 29 163
53 30 240
53 31 305
53 32 376
53 33 394
53 34 475
53 35 542
53 36 259
53 37 171
53 38 256
53 39 318
53 40 170
53 41 171
53 42 223
53 43 323
53 44 292
53 45 335
53 46 396
53 47 329
53 48 257
53 49 350
53 50 314
53 51 347
53 52 374
53 53 0
53 54 76
53 55 112
53 56 183
53 57 207
53 58 204
53 59 295
53 60 315
53 61 415
53 62 498
53 63 292
53 64 350
53 65 410
53 66 460
53 67 465
53 68 491
53 69 585
53 70 685
53 71 178
53 72 209
53 73 133
53 74 227
53 75 291
53 76 339
53 77 261
53 78 344
53 79 207
53 80 301
53 81 342
53 82 343
53 83 214
53 84 251
53 85 320
53 86 336
53 87 419
53 88 268
53 89 346
53 90 305
53 91 206
53 92 266
53 93 288
53 94 387
53 95 412
53 96 254
53 97 76
53 98 130
53 99 87
53 100 94
54 1 112
54 2 136
54 3 150
54 4 222
54 5 218
54 6 240
54 7 326
54 8 333
54 9 385
54 10 433
54 11 319
54 12 217
54 13 250
54 14 102
54 15 200
54 16 120
54 17 159
54 18 188
54 19 268
54 20 275
54 21 152
54 22 231
54 23 106
54 24 114
54 25 198
54 26 82
54 27 91
54 28 162
54 29 261
54 30 338
54 31 403
54 32 474
54 33 339
54 34 420
54 35 487
54 36 183
54 37 108
54 38 193
54 39 255
54 40 210
54 41 211
54 42 263
54 43 328
54 44 216
54 45 259
54 46 320
54 47 266
54 48 181
54 49 274
54 50 319
54 51 271
54 52 298
54 53 259
54 54 0
54 55 49
54 56 120
54 57 144
54 58 152
54 59 243
54 60 239
54 61 339
54 62 422
54 63 240
54 64 298
54 65 347
54 66 397
54 67 402
54 68 428
54 69 522
54 70 622
54 71 115
54 72 146
54 73 173
54 74 248
54 75 312
54 76 360
54 77 248
54 78 315
54 79 320
54 80 414
54 81 455
54 82 456
54 83 138
54 84 175
54 85 244
54 86 273
54 87 356
54 88 362
54 89 440
54 90 242
54 91 154
54 92 214
54 93 236
54 94 335
54 95 360
54 96 178
54 97 189
54 98 243
54 99 11
54 100 18
55 1 98
55 2 112
55 3 101
55 4 173
55 5 194
55 6 192
55 7 278
55 8 285
55 9 337
55 10 385
55 11 270
55 12 168
55 13 201
55 14 251
55 15 349
55 16 71
55 17 110
55 18 139
55 19 219
55 20 251
55 21 254
55 22 333
55 23 57
55 24 65
55 25 149
55 26 171
55 27 180
55 28 251
55 29 252
55 30 329
55 31 394
55 32 465
55 33 315
55 34 396
55 35 463
55 36 159
55 37 59
55 38 144
55 39 206
55 40 161
55 41 162
55 42 214
55 43 304
55 44 192
55 45 235
55 46 296
55 47 217
55 48 157
55 49 250
55 50 295
55 51 247
55 52 274
55 53 210
55 54 286
55 55 0
55 56 71
55 57 95
55 58 103
55 59 194
55 60 275
55 61 375
55 62 458
55 63 191
55 64 249
55 65 298
55 66 348
55 67 353
55 68 379
55 69 473
55 70 573
55 71 66
55 72 97
55 73 124
55 74 199
55 75 263
55 76 311
55 77 330
55 78 291
55 79 296
55 80 390
55 81 431
55 82 432
55 83 114
55 84 151
55 85 220
55 86 224
55 87 307
55 88 313
55 89 391
55 90 193
55 91 105
55 92 165
55 93 187
55 94 286
55 95 311
55 96 154
55 97 165
55 98 219
55 99 288
55 100 295
56 1 148
56 2 41
56 3 30
56 4 102
56 5 123
56 6 121
56 7 207
56 8 214
56 9 266
56 10 314
56 11 199
56 12 97
56 13 130
56 14 180
56 15 278
56 16 102
56 17 141
56 18 189
56 19 269
56 20 180
56 21 183
56 22 262
56 23 187
56 24 195
56 25 80
56 26 102
56 27 111
56 28 182
56 29 181
56 30 258
56 31 323
56 32 394
56 33 244
56 34 325
56 35 392
56 36 88
56 37 109
56 38 194
56 39 256
56 40 188
56 41 189
56 42 241
56 43 233
56 44 121
56 45 164
56 46 225
56 47 266
56 48 86
56 49 179
56 50 224
56 51 176
56 52 203
56 53 230
56 54 263
56 55 130
56 56 0
56 57 24
56 58 32
56 59 123
56 60 204
56 61 304
56 62 387
56 63 120
56 64 178
56 65 276
56 66 326
56 67 331
56 68 357
56 69 451
56 70 551
56 71 193
56 72 147
56 73 151
56 74 128
56 75 192
56 76 240
56 77 259
56 78 220
56 79 225
56 80 319
56 81 360
56 82 361
56 83 43
56 84 80
56 85 149
56 86 201
56 87 284
56 88 286
56 89 364
56 90 122
56 91 34
56 92 94
56 93 116
56 94 215
56 95 240
56 96 83
56 97 94
56 98 148
56 99 217
56 100 224
57 1 124
57 2 17
57 3 66
57 4 138
57 5 99
57 6 97
57 7 183
57 8 190
57 9 242
57 10 290
57 11 175
57 12 73
57 13 106
57 14 156
57 15 254
57 16 78
57 17 117
57 18 165
57 19 245
57 20 156
57 21 159
57 22 238
57 23 163
57 24 171
57 25 116
57 26 138
57 27 102
57 28 173
57 29 157
57 30 234
57 31 299
57 32 370
57 33 220
57 34 301
57 35 368
57 36 64
57 37 85
57 38 170
57 39 232
57 40 164
57 41 165
57 42 217
57 43 209
57 44 97
57 45 140
57 46 201
57 47 242
57 48 62
57 49 155
57 50 200
57 51 152
57 52 179
57 53 206
57 54 239
57 55 106
57 56 102
57 57 0
57 58 8
57 59 99
57 60 180
57 61 280
57 62 363
57 63 96
57 64 154
57 65 252
57 66 302
57 67 307
57 68 333
57 69 427
57 70 527
57 71 169
57 72 123
57 73 127
57 74 164
57 75 228
57 76 276
57 77 255
57 78 196
57 79 201
57 80 295
57 81 336
57 82 337
57 83 19
57 84 56
57 85 125
57 86 177
57 87 260
57 88 262
57 89 340
57 90 98
57 91 10
57 92 70
57 93 92
57 94 191
57 95 216
57 96 59
57 97 70
57 98 124
57 99 193
57 100 200
58 1 116
58 2 9
58 3 58
58 4 130
58 5 91
58 6 89
58 7 175
58 8 182
58 9 234
58 10 282
58 11 167
58 12 65
58 13 98
58 14 148
58 15 246
58 16 70
58 17 109
58 18 157
58 19 237
58 20 148
58 21 151
58 22 230
58 23 155
58 24 163
58 25 108
58 26 130
58 27 94
58 28 165
58 29 149
58 30 226
58 31 291
58 32 362
58 33 212
58 34 293
58 35 360
58 36 56
58 37 77
58 38 162
58 39 224
58 40 156
58 41 157
58 42 209
58 43 201
58 44 89
58 45 132
58 46 193
58 47 234
58 48 54
58 49 147
58 50 192
58 51 144
58 52 171
58 53 198
58 54 231
58 55 98
58 56 94
58 57 118
58 58 0
58 59 91
58 60 172
58 61 272
58 62 355
58 63 88
58 64 146
58 65 244
58 66 294
58 67 299
58 68 325
58 69 419
58 70 519
58 71 161
58 72 115
58 73 119
58 74 156
58 75 220
58 76 268
58 77 247
58 78 188
58 79 193
58 80 287
58 81 328
58 82 329
58 83 11
58 84 48
58 85 117
58 86 169
58 87 252
58 88 254
58 89 332
58 90 216
58 91 2
58 92 62
58 93 84
58 94 183
58 95 208
58 96 51
58 97 62
58 98 116
58 99 185
58 100 192
59 1 289
59 2 313
59 3 362
59 4 420
59 5 356
59 6 378
59 7 464
59 8 471
59 9 523
59 10 571
59 11 370
59 12 380
59 13 413
59 14 384
59 15 482
59 16 243
59 17 282
59 18 135
59 19 215
59 20 292
59 21 295
59 22 374
59 23 339
59 24 161
59 25 245
59 26 267
59 27 276
59 28 347
59 29 369
59 30 364
59 31 429
59 32 500
59 33 477
59 34 558
59 35 625
59 36 229
59 37 250
59 38 335
59 39 397
59 40 352
59 41 353
59 42 405
59 43 466
59 44 393
59 45 436
59 46 497
59 47 213
59 48 285
59 49 378
59 50 309
59 51 409
59 52 436
59 53 206
59 54 282
59 55 318
59 56 389
59 57 413
59 58 334
59 59 0
59 60 81
59 61 181
59 62 264
59 63 291
59 64 349
59 65 294
59 66 344
59 67 349
59 68 375
59 69 469
59 70 569
59 71 348
59 72 288
59 73 315
59 74 409
59 75 473
59 76 521
59 77 391
59 78 474
59 79 413
59 80 507
59 81 548
59 82 549
59 83 315
59 84 352
59 85 421
59 86 220
59 87 303
59 88 309
59 89 387
59 90 388
59 91 336
59 92 396
59 93 418
59 94 280
59 95 305
59 96 316
59 97 282
59 98 336
59 99 293
59 100 300
60 1 208
60 2 232
60 3 281
60 4 339
60 5 275
60 6 297
60 7 383
60 8 390
60 9 442
60 10 490
60 11 289
60 12 299
60 13 332
60 14 303
60 15 401
60 16 162
60 17 201
60 18 54
60 19 134
60 20 211
60 21 214
60 22 293
60 23 258
60 24 80
60 25 164
60 26 186
60 27 195
60 28 266
60 29 288
60 30 283
60 31 348
60 32 419
60 33 396
60 34 477
60 35 544
60 36 148
60 37 169
60 38 254
60 39 316
60 40 271
60 41 272
60 42 324
60 43 385
60 44 312
60 45 355
60 46 416
60 47 132
60 48 204
60 49 297
60 50 228
60 51 328
60 52 355
60 53 125
60 54 201
60 55 237
60 56 308
60 57 332
60 58 253
60 59 344
60 60 0
60 61 100
60 62 183
60 63 210
60 64 268
60 65 213
60 66 263
60 67 268
60 68 294
60 69 388
60 70 488
60 71 267
60 72 207
60 73 234
60 74 328
60 75 392
60 76 440
60 77 310
60 78 393
60 79 332
60 80 426
60 81 467
60 82 468
60 83 234
60 84 271
60 85 340
60 86 139
60 87 222
60 88 228
60 89 306
60 90 307
60 91 255
60 92 315
60 93 337
60 94 199
60 95 224
60 96 235
60 97 201
60 98 255
60 99 212
60 100 219
61 1 259
61 2 283
61 3 283
61 4 308
61 5 175
61 6 197
61 7 283
61 8 290
61 9 342
61 10 390
61 11 189
61 12 199
61 13 232
61 14 282
61 15 380
61 16 232
61 17 271
61 18 300
61 19 380
61 20 232
61 21 235
61 22 314
61 23 239
61 24 247
61 25 331
61 26 276
61 27 202
61 28 273
61 29 233
61 30 251
61 31 316
61 32 387
61 33 323
61 34 404
61 35 471
61 36 330
61 37 220
61 38 305
61 39 367
61 40 240
61 41 241
61 42 293
61 43 312
61 44 221
61 45 264
61 46 325
61 47 366
61 48 328
61 49 421
61 50 283
61 51 255
61 52 282
61 53 309
61 54 385
61 55 182
61 56 253
61 57 277
61 58 274
61 59 365
61 60 350
61 61 0
61 62 83
61 63 110
61 64 168
61 65 266
61 66 316
61 67 321
61 68 347
61 69 441
61 70 541
61 71 183
61 72 241
61 73 203
61 74 297
61 75 361
61 76 409
61 77 331
61 78 320
61 79 277
61 80 371
61 81 412
61 82 413
61 83 285
61 84 180
61 85 249
61 86 301
61 87 384
61 88 338
61 89 416
61 90 375
61 91 276
61 92 336
61 93 358
61 94 99
61 95 124
61 96 135
61 97 146
61 98 200
61 99 269
61 100 276
62 1 176
62 2 200
62 3 249
62 4 290
62 5 179
62 6 201
62 7 287
62 8 294
62 9 346
62 10 394
62 11 106
62 12 116
62 13 149
62 14 199
62 15 297
62 16 149
62 17 188
62 18 217
62 19 297
62 20 236
62 21 239
62 22 318
62 23 228
62 24 236
62 25 299
62 26 193
62 27 202
62 28 273
62 29 237
62 30 168
62 31 233
62 32 304
62 33 261
62 34 342
62 35 409
62 36 247
62 37 137
62 38 222
62 39 284
62 40 222
62 41 223
62 42 275
62 43 250
62 44 138
62 45 181
62 46 242
62 47 283
62 48 245
62 49 338
62 50 200
62 51 193
62 52 220
62 53 247
62 54 323
62 55 186
62 56 257
62 57 281
62 58 278
62 59 369
62 60 350
62 61 450
62 62 0
62 63 27
62 64 85
62 65 183
62 66 233
62 67 238
62 68 264
62 69 358
62 70 458
62 71 100
62 72 158
62 73 185
62 74 279
62 75 343
62 76 391
62 77 335
62 78 237
62 79 281
62 80 375
62 81 416
62 82 417
62 83 202
62 84 97
62 85 166
62 86 218
62 87 301
62 88 307
62 89 385
62 90 379
62 91 280
62 92 340
62 93 362
62 94 317
62 95 341
62 96 139
62 97 150
62 98 204
62 99 273
62 100 280
63 1 242
63 2 266
63 3 315
63 4 263
63 5 309
63 6 331
63 7 417
63 8 424
63 9 476
63 10 524
63 11 79
63 12 89
63 13 122
63 14 172
63 15 270
63 16 215
63 17 254
63 18 283
63 19 363
63 20 405
63 21 222
63 22 301
63 23 201
63 24 209
63 25 293
63 26 315
63 27 324
63 28 395
63 29 406
63 30 141
63 31 206
63 32 277
63 33 295
63 34 376
63 35 443
63 36 313
63 37 203
63 38 288
63 39 350
63 40 195
63 41 196
63 42 248
63 43 330
63 44 330
63 45 373
63 46 434
63 47 361
63 48 224
63 49 317
63 50 173
63 51 273
63 52 300
63 53 327
63 54 401
63 55 355
63 56 351
63 57 375
63 58 383
63 59 474
63 60 472
63 61 499
63 62 582
63 63 0
63 64 58
63 65 156
63 66 206
63 67 211
63 68 237
63 69 331
63 70 431
63 71 73
63 72 131
63 73 158
63 74 252
63 75 316
63 76 364
63 77 318
63 78 401
63 79 450
63 80 544
63 81 585
63 82 586
63 83 268
63 84 305
63 85 374
63 86 368
63 87 451
63 88 434
63 89 395
63 90 396
63 91 385
63 92 445
63 93 467
63 94 509
63 95 314
63 96 308
63 97 319
63 98 373
63 99 412
63 100 419
64 1 184
64 2 208
64 3 257
64 4 205
64 5 251
64 6 273
64 7 359
64 8 366
64 9 418
64 10 466
64 11 492
64 12 390
64 13 423
64 14 259
64 15 357
64 16 157
64 17 196
64 18 225
64 19 305
64 20 347
64 21 309
64 22 388
64 23 143
64 24 151
64 25 235
64 26 257
64 27 266
64 28 337
64 29 348
64 30 83
64 31 148
64 32 219
64 33 237
64 34 318
64 35 385
64 36 255
64 37 145
64 38 230
64 39 292
64 40 137
64 41 138
64 42 190
64 43 290
64 44 272
64 45 315
64 46 376
64 47 303
64 48 166
64 49 259
64 50 304
64 51 331
64 52 358
64 53 296
64 54 343
64 55 297
64 56 293
64 57 317
64 58 325
64 59 416
64 60 414
64 61 441
64 62 524
64 63 413
64 64 0
64 65 98
64 66 148
64 67 153
64 68 179
64 69 273
64 70 373
64 71 15
64 72 73
64 73 100
64 74 194
64 75 258
64 76 306
64 77 325
64 78 371
64 79 392
64 80 486
64 81 527
64 82 528
64 83 210
64 84 247
64 85 316
64 86 310
64 87 393
64 88 376
64 89 337
64 90 338
64 91 327
64 92 387
64 93 409
64 94 451
64 95 256
64 96 250
64 97 261
64 98 315
64 99 354
64 100 361
65 1 86
65 2 110
65 3 159
65 4 217
65 5 192
65 6 214
65 7 300
65 8 307
65 9 359
65 10 407
65 11 394
65 12 292
65 13 325
65 14 161
65 15 259
65 16 59
65 17 98
65 18 127
65 19 207
65 20 249
65 21 211
65 22 290
65 23 45
65 24 53
65 25 137
65 26 159
65 27 168
65 28 239
65 29 250
65 30 70
65 31 135
65 32 206
65 33 224
65 34 305
65 35 372
65 36 157
65 37 47
65 38 132
65 39 194
65 40 149
65 41 150
65 42 202
65 43 302
65 44 190
65 45 233
65 46 294
65 47 205
65 48 155
65 49 248
65 50 293
65 51 245
65 52 272
65 53 198
65 54 274
65 55 199
65 56 195
65 57 219
65 58 227
65 59 318
65 60 316
65 61 416
65 62 499
65 63 315
65 64 287
65 65 0
65 66 50
65 67 55
65 68 81
65 69 175
65 70 275
65 71 54
65 72 85
65 73 112
65 74 206
65 75 270
65 76 318
65 77 307
65 78 289
65 79 294
65 80 388
65 81 429
65 82 430
65 83 112
65 84 149
65 85 218
65 86 212
65 87 295
65 88 278
65 89 239
65 90 240
65 91 229
65 92 289
65 93 311
65 94 369
65 95 243
65 96 152
65 97 163
65 98 217
65 99 285
65 100 292
66 1 53
66 2 77
66 3 126
66 4 198
66 5 159
66 6 181
66 7 267
66 8 274
66 9 326
66 10 374
66 11 361
66 12 259
66 13 292
66 14 111
66 15 209
66 16 138
66 17 177
66 18 225
66 19 305
66 20 216
66 21 161
66 22 240
66 23 223
66 24 231
66 25 176
66 26 198
66 27 186
66 28 257
66 29 217
66 30 20
66 31 85
66 32 156
66 33 174
66 34 255
66 35 322
66 36 124
66 37 145
66 38 230
66 39 292
66 40 224
66 41 225
66 42 277
66 43 269
66 44 157
66 45 200
66 46 261
66 47 302
66 48 122
66 49 215
66 50 260
66 51 212
66 52 239
66 53 266
66 54 299
66 55 166
66 56 162
66 57 186
66 58 194
66 59 285
66 60 334
66 61 378
66 62 461
66 63 282
66 64 254
66 65 352
66 66 0
66 67 5
66 68 31
66 69 125
66 70 225
66 71 232
66 72 183
66 73 187
66 74 224
66 75 288
66 76 336
66 77 257
66 78 256
66 79 261
66 80 355
66 81 396
66 82 397
66 83 79
66 84 116
66 85 185
66 86 237
66 87 320
66 88 228
66 89 189
66 90 190
66 91 196
66 92 256
66 93 278
66 94 336
66 95 193
66 96 119
66 97 130
66 98 184
66 99 253
66 100 260
67 1 48
67 2 72
67 3 121
67 4 193
67 5 154
67 6 176
67 7 262
67 8 269
67 9 321
67 10 369
67 11 356
67 12 254
67 13 287
67 14 106
67 15 204
67 16 133
67 17 172
67 18 220
67 19 300
67 20 211
67 21 156
67 22 235
67 23 218
67 24 226
67 25 171
67 26 193
67 27 181
67 28 252
67 29 212
67 30 15
67 31 80
67 32 151
67 33 169
67 34 250
67 35 317
67 36 119
67 37 140
67 38 225
67 39 287
67 40 219
67 41 220
67 42 272
67 43 264
67 44 152
67 45 195
67 46 256
67 47 297
67 48 117
67 49 210
67 50 255
67 51 207
67 52 234
67 53 261
67 54 294
67 55 161
67 56 157
67 57 181
67 58 189
67 59 280
67 60 329
67 61 373
67 62 456
67 63 277
67 64 249
67 65 347
67 66 397
67 67 0
67 68 26
67 69 120
67 70 220
67 71 227
67 72 178
67 73 182
67 74 219
67 75 283
67 76 331
67 77 252
67 78 251
67 79 256
67 80 350
67 81 391
67 82 392
67 83 74
67 84 111
67 85 180
67 86 232
67 87 315
67 88 223
67 89 184
67 90 185
67 91 191
67 92 251
67 93 273
67 94 331
67 95 188
67 96 114
67 97 125
67 98 179
67 99 248
67 100 255
68 1 295
68 2 221
68 3 270
68 4 281
68 5 303
68 6 301
68 7 387
68 8 394
68 9 446
68 10 494
68 11 379
68 12 277
68 13 310
68 14 80
68 15 178
68 16 268
68 17 307
68 18 336
68 19 416
68 20 360
68 21 130
68 22 209
68 23 254
68 24 262
68 25 320
68 26 342
68 27 306
68 28 377
68 29 361
68 30 438
68 31 503
68 32 574
68 33 411
68 34 492
68 35 559
68 36 268
68 37 256
68 38 341
68 39 403
68 40 213
68 41 214
68 42 266
68 43 366
68 44 301
68 45 344
68 46 405
68 47 414
68 48 266
68 49 359
68 50 243
68 51 343
68 52 370
68 53 397
68 54 443
68 55 310
68 56 306
68 57 330
68 58 212
68 59 303
68 60 384
68 61 484
68 62 567
68 63 300
68 64 358
68 65 456
68 66 506
68 67 511
68 68 0
68 69 94
68 70 194
68 71 213
68 72 247
68 73 176
68 74 270
68 75 334
68 76 382
68 77 226
68 78 309
68 79 396
68 80 490
68 81 531
68 82 532
68 83 223
68 84 260
68 85 329
68 86 381
68 87 464
68 88 197
68 89 158
68 90 159
68 91 214
68 92 274
68 93 296
68 94 395
68 95 420
68 96 263
68 97 274
68 98 328
68 99 397
68 100 404
69 1 234
69 2 127
69 3 176
69 4 248
69 5 209
69 6 207
69 7 293
69 8 300
69 9 352
69 10 400
69 11 285
69 12 183
69 13 216
69 14 266
69 15 364
69 16 188
69 17 227
69 18 275
69 19 355
69 20 266
69 21 269
69 22 348
69 23 273
69 24 281
69 25 226
69 26 248
69 27 212
69 28 283
69 29 267
69 30 344
69 31 409
69 32 480
69 33 317
69 34 398
69 35 465
69 36 174
69 37 195
69 38 280
69 39 342
69 40 217
69 41 218
69 42 270
69 43 306
69 44 207
69 45 250
69 46 311
69 47 352
69 48 172
69 49 265
69 50 149
69 51 249
69 52 276
69 53 303
69 54 349
69 55 216
69 56 212
69 57 236
69 58 118
69 59 209
69 60 290
69 61 390
69 62 473
69 63 206
69 64 264
69 65 362
69 66 412
69 67 417
69 68 443
69 69 0
69 70 100
69 71 119
69 72 153
69 73 180
69 74 274
69 75 338
69 76 386
69 77 365
69 78 306
69 79 311
69 80 405
69 81 446
69 82 447
69 83 129
69 84 166
69 85 235
69 86 287
69 87 370
69 88 103
69 89 64
69 90 65
69 91 120
69 92 180
69 93 202
69 94 301
69 95 326
69 96 169
69 97 180
69 98 234
69 99 303
69 100 310
70 1 134
70 2 27
70 3 76
70 4 148
70 5 109
70 6 107
70 7 193
70 8 200
70 9 252
70 10 300
70 11 185
70 12 83
70 13 116
70 14 166
70 15 264
70 16 88
70 17 127
70 18 175
70 19 255
70 20 166
70 21 169
70 22 248
70 23 173
70 24 181
70 25 126
70 26 148
70 27 112
70 28 183
70 29 167
70 30 244
70 31 309
70 32 380
70 33 230
70 34 311
70 35 378
70 36 74
70 37 95
70 38 180
70 39 242
70 40 141
70 41 142
70 42 194
70 43 219
70 44 107
70 45 150
70 46 211
70 47 252
70 48 72
70 49 165
70 50 210
70 51 162
70 52 189
70 53 216
70 54 249
70 55 116
70 56 112
70 57 136
70 58 18
70 59 109
70 60 190
70 61 290
70 62 373
70 63 106
70 64 164
70 65 262
70 66 312
70 67 317
70 68 343
70 69 437
70 70 0
70 71 19
70 72 77
70 73 104
70 74 174
70 75 238
70 76 286
70 77 265
70 78 206
70 79 211
70 80 305
70 81 346
70 82 347
70 83 29
70 84 66
70 85 135
70 86 187
70 87 270
70 88 272
70 89 350
70 90 234
70 91 20
70 92 80
70 93 102
70 94 201
70 95 226
70 96 69
70 97 80
70 98 134
70 99 203
70 100 210
71 1 440
71 2 464
71 3 478
71 4 190
71 5 236
71 6 258
71 7 344
71 8 351
71 9 403
71 10 451
71 11 523
71 12 533
71 13 566
71 14 430
71 15 528
71 16 448
71 17 487
71 18 465
71 19 545
71 20 532
71 21 480
71 22 559
71 23 434
71 24 438
71 25 522
71 26 355
71 27 263
71 28 334
71 29 433
71 30 441
71 31 481
71 32 552
71 33 384
71 34 465
71 35 532
71 36 511
71 37 436
71 38 521
71 39 583
71 40 122
71 41 123
71 42 175
71 43 275
71 44 300
71 45 343
71 46 404
71 47 445
71 48 151
71 49 244
71 50 289
71 51 316
71 52 343
71 53 370
71 54 328
71 55 377
71 56 448
71 57 472
71 58 480
71 59 571
71 60 411
71 61 511
71 62 594
71 63 556
71 64 358
71 65 456
71 66 506
71 67 511
71 68 537
71 69 631
71 70 731
71 71 0
71 72 58
71 73 85
71 74 179
71 75 243
71 76 291
71 77 310
71 78 393
71 79 480
71 80 574
71 81 615
71 82 616
71 83 466
71 84 503
71 85 572
71 86 380
71 87 463
71 88 469
71 89 547
71 90 548
71 91 482
71 92 542
71 93 564
71 94 479
71 95 504
71 96 506
71 97 446
71 98 500
71 99 339
71 100 346
72 1 382
72 2 406
72 3 420
72 4 132
72 5 178
72 6 200
72 7 286
72 8 293
72 9 345
72 10 393
72 11 465
72 12 475
72 13 508
72 14 372
72 15 470
72 16 390
72 17 429
72 18 407
72 19 487
72 20 474
72 21 422
72 22 501
72 23 376
72 24 380
72 25 464
72 26 297
72 27 205
72 28 276
72 29 375
72 30 383
72 31 423
72 32 494
72 33 326
72 34 407
72 35 474
72 36 453
72 37 378
72 38 463
72 39 525
72 40 64
72 41 65
72 42 117
72 43 217
72 44 242
72 45 285
72 46 346
72 47 387
72 48 93
72 49 186
72 50 231
72 51 258
72 52 285
72 53 312
72 54 270
72 55 319
72 56 390
72 57 414
72 58 422
72 59 513
72 60 353
72 61 453
72 62 536
72 63 498
72 64 300
72 65 398
72 66 448
72 67 453
72 68 479
72 69 573
72 70 673
72 71 315
72 72 0
72 73 27
72 74 121
72 75 185
72 76 233
72 77 252
72 78 335
72 79 422
72 80 516
72 81 557
72 82 558
72 83 408
72 84 445
72 85 514
72 86 322
72 87 405
72 88 411
72 89 489
72 90 490
72 91 424
72 92 484
72 93 506
72 94 421
72 95 446
72 96 448
72 97 388
72 98 442
72 99 281
72 100 288
73 1 410
73 2 424
73 3 413
73 4 105
73 5 151
73 6 173
73 7 259
73 8 266
73 9 318
73 10 366
73 11 438
73 12 448
73 13 481
73 14 463
73 15 561
73 16 383
73 17 422
73 18 380
73 19 460
73 20 447
73 21 450
73 22 529
73 23 369
73 24 353
73 25 437
73 26 270
73 27 178
73 28 249
73 29 348
73 30 356
73 31 396
73 32 467
73 33 299
73 34 380
73 35 447
73 36 458
73 37 371
73 38 436
73 39 498
73 40 37
73 41 38
73 42 90
73 43 190
73 44 215
73 45 258
73 46 319
73 47 360
73 48 432
73 49 525
73 50 430
73 51 231
73 52 258
73 53 285
73 54 361
73 55 312
73 56 383
73 57 407
73 58 415
73 59 506
73 60 326
73 61 426
73 62 509
73 63 471
73 64 273
73 65 371
73 66 421
73 67 426
73 68 452
73 69 546
73 70 646
73 71 288
73 72 346
73 73 0
73 74 94
73 75 158
73 76 206
73 77 225
73 78 308
73 79 395
73 80 489
73 81 530
73 82 531
73 83 426
73 84 463
73 85 532
73 86 295
73 87 378
73 88 384
73 89 462
73 90 463
73 91 417
73 92 477
73 93 499
73 94 394
73 95 419
73 96 430
73 97 361
73 98 415
73 99 372
73 100 379
74 1 612
74 2 505
74 3 554
74 4 544
74 5 584
74 6 585
74 7 671
74 8 678
74 9 730
74 10 778
74 11 570
74 12 468
74 13 501
74 14 551
74 15 649
74 16 566
74 17 605
74 18 653
74 19 733
74 20 641
74 21 601
74 22 680
74 23 648
74 24 630
74 25 604
74 26 626
74 27 590
74 28 661
74 29 642
74 30 632
74 31 697
74 32 768
74 33 576
74 34 657
74 35 724
74 36 552
74 37 573
74 38 658
74 39 720
74 40 476
74 41 477
74 42 529
74 43 565
74 44 582
74 45 625
74 46 686
74 47 727
74 48 505
74 49 598
74 50 408
74 51 508
74 52 535
74 53 562
74 54 638
74 55 591
74 56 590
74 57 614
74 58 622
74 59 713
74 60 738
74 61 780
74 62 863
74 63 491
74 64 549
74 65 647
74 66 697
74 67 702
74 68 728
74 69 822
74 70 922
74 71 564
74 72 412
74 73 439
74 74 0
74 75 64
74 76 112
74 77 131
74 78 214
74 79 301
74 80 395
74 81 436
74 82 437
74 83 504
74 84 541
74 85 610
74 86 662
74 87 745
74 88 362
74 89 440
74 90 441
74 91 498
74 92 558
74 93 580
74 94 679
74 95 704
74 96 544
74 97 555
74 98 609
74 99 649
74 100 656
75 1 548
75 2 441
75 3 490
75 4 480
75 5 520
75 6 521
75 7 607
75 8 614
75 9 666
75 10 714
75 11 506
75 12 404
75 13 437
75 14 487
75 15 585
75 16 502
75 17 541
75 18 589
75 19 669
75 20 577
75 21 537
75 22 616
75 23 584
75 24 566
75 25 540
75 26 562
75 27 526
75 28 597
75 29 578
75 30 568
75 31 633
75 32 704
75 33 512
75 34 593
75 35 660
75 36 488
75 37 509
75 38 594
75 39 656
75 40 412
75 41 413
75 42 465
75 43 501
75 44 518
75 45 561
75 46 622
75 47 663
75 48 441
75 49 534
75 50 344
75 51 444
75 52 471
75 53 498
75 54 574
75 55 527
75 56 526
75 57 550
75 58 558
75 59 649
75 60 674
75 61 716
75 62 799
75 63 427
75 64 485
75 65 583
75 66 633
75 67 638
75 68 664
75 69 758
75 70 858
75 71 500
75 72 348
75 73 375
75 74 469
75 75 0
75 76 48
75 77 67
75 78 150
75 79 237
75 80 331
75 81 372
75 82 373
75 83 440
75 84 477
75 85 546
75 86 598
75 87 681
75 88 298
75 89 376
75 90 377
75 91 434
75 92 494
75 93 516
75 94 615
75 95 640
75 96 480
75 97 491
75 98 545
75 99 585
75 100 592
76 1 500
76 2 393
76 3 442
76 4 432
76 5 472
76 6 473
76 7 559
76 8 566
76 9 618
76 10 666
76 11 458
76 12 356
76 13 389
76 14 439
76 15 537
76 16 454
76 17 493
76 18 541
76 19 621
76 20 529
76 21 489
76 22 568
76 23 536
76 24 518
76 25 492
76 26 514
76 27 478
76 28 549
76 29 530
76 30 520
76 31 585
76 32 656
76 33 464
76 34 545
76 35 612
76 36 440
76 37 461
76 38 546
76 39 608
76 40 364
76 41 365
76 42 417
76 43 453
76 44 470
76 45 513
76 46 574
76 47 615
76 48 393
76 49 486
76 50 296
76 51 396
76 52 423
76 53 450
76 54 526
76 55 479
76 56 478
76 57 502
76 58 510
76 59 601
76 60 626
76 61 668
76 62 751
76 63 379
76 64 437
76 65 535
76 66 585
76 67 590
76 68 616
76 69 710
76 70 810
76 71 452
76 72 300
76 73 327
76 74 421
76 75 485
76 76 0
76 77 19
76 78 102
76 79 189
76 80 283
76 81 324
76 82 325
76 83 392
76 84 429
76 85 498
76 86 550
76 87 633
76 88 250
76 89 328
76 90 329
76 91 386
76 92 446
76 93 468
76 94 567
76 95 592
76 96 432
76 97 443
76 98 497
76 99 537
76 100 544
77 1 481
77 2 374
77 3 423
77 4 413
77 5 453
77 6 454
77 7 540
77 8 547
77 9 599
77 10 647
77 11 439
77 12 337
77 13 370
77 14 420
77 15 518
77 16 435
77 17 474
77 18 522
77 19 602
77 20 510
77 21 470
77 22 549
77 23 517
77 24 499
77 25 473
77 26 495
77 27 459
77 28 530
77 29 511
77 30 501
77 31 566
77 32 637
77 33 445
77 34 526
77 35 593
77 36 421
77 37 442
77 38 527
77 39 589
77 40 345
77 41 346
77 42 398
77 43 434
77 44 451
77 45 494
77 46 555
77 47 596
77 48 374
77 49 467
77 50 277
77 51 377
77 52 404
77 53 431
77 54 507
77 55 460
77 56 459
77 57 483
77 58 491
77 59 582
77 60 607
77 61 649
77 62 732
77 63 360
77 64 418
77 65 516
77 66 566
77 67 571
77 68 597
77 69 691
77 70 791
77 71 433
77 72 281
77 73 308
77 74 402
77 75 466
77 76 514
77 77 0
77 78 83
77 79 170
77 80 264
77 81 305
77 82 306
77 83 373
77 84 410
77 85 479
77 86 531
77 87 614
77 88 231
77 89 309
77 90 310
77 91 367
77 92 427
77 93 449
77 94 548
77 95 573
77 96 413
77 97 424
77 98 478
77 99 518
77 100 525
78 1 398
78 2 291
78 3 340
78 4 330
78 5 370
78 6 371
78 7 457
78 8 464
78 9 516
78 10 564
78 11 356
78 12 254
78 13 287
78 14 337
78 15 435
78 16 352
78 17 391
78 18 439
78 19 519
78 20 427
78 21 387
78 22 466
78 23 434
78 24 416
78 25 390
78 26 412
78 27 376
78 28 447
78 29 428
78 30 418
78 31 483
78 32 554
78 33 362
78 34 443
78 35 510
78 36 338
78 37 359
78 38 444
78 39 506
78 40 262
78 41 263
78 42 315
78 43 351
78 44 368
78 45 411
78 46 472
78 47 513
78 48 291
78 49 384
78 50 194
78 51 294
78 52 321
78 53 348
78 54 424
78 55 377
78 56 376
78 57 400
78 58 408
78 59 499
78 60 524
78 61 566
78 62 649
78 63 277
78 64 335
78 65 433
78 66 483
78 67 488
78 68 514
78 69 608
78 70 708
78 71 350
78 72 198
78 73 225
78 74 319
78 75 383
78 76 431
78 77 450
78 78 0
78 79 87
78 80 181
78 81 222
78 82 223
78 83 290
78 84 327
78 85 396
78 86 448
78 87 531
78 88 148
78 89 226
78 90 227
78 91 284
78 92 344
78 93 366
78 94 465
78 95 490
78 96 330
78 97 341
78 98 395
78 99 435
78 100 442
79 1 311
79 2 204
79 3 253
79 4 243
79 5 283
79 6 284
79 7 370
79 8 377
79 9 429
79 10 477
79 11 269
79 12 167
79 13 200
79 14 250
79 15 348
79 16 265
79 17 304
79 18 352
79 19 432
79 20 340
79 21 300
79 22 379
79 23 347
79 24 329
79 25 303
79 26 325
79 27 289
79 28 360
79 29 341
79 30 331
79 31 396
79 32 467
79 33 275
79 34 356
79 35 423
79 36 251
79 37 272
79 38 357
79 39 419
79 40 175
79 41 176
79 42 228
79 43 264
79 44 281
79 45 324
79 46 385
79 47 426
79 48 204
79 49 297
79 50 107
79 51 207
79 52 234
79 53 261
79 54 337
79 55 290
79 56 289
79 57 313
79 58 321
79 59 412
79 60 437
79 61 479
79 62 562
79 63 190
79 64 248
79 65 346
79 66 396
79 67 401
79 68 427
79 69 521
79 70 621
79 71 263
79 72 111
79 73 138
79 74 232
79 75 296
79 76 344
79 77 363
79 78 380
79 79 0
79 80 94
79 81 135
79 82 136
79 83 203
79 84 240
79 85 309
79 86 361
79 87 444
79 88 61
79 89 139
79 90 140
79 91 197
79 92 257
79 93 279
79 94 378
79 95 403
79 96 243
79 97 254
79 98 308
79 99 348
79 100 355
80 1 225
80 2 249
80 3 297
80 4 232
80 5 189
80 6 211
80 7 297
80 8 304
80 9 356
80 10 404
80 11 175
80 12 73
80 13 106
80 14 156
80 15 254
80 16 198
80 17 237
80 18 266
80 19 346
80 20 246
80 21 206
80 22 285
80 23 253
80 24 261
80 25 345
80 26 242
80 27 216
80 28 287
80 29 247
80 30 237
80 31 302
80 32 373
80 33 310
80 34 391
80 35 458
80 36 296
80 37 186
80 38 271
80 39 333
80 40 164
80 41 165
80 42 217
80 43 299
80 44 187
80 45 230
80 46 291
80 47 332
80 48 152
80 49 245
80 50 163
80 51 242
80 52 269
80 53 296
80 54 329
80 55 196
80 56 267
80 57 291
80 58 288
80 59 379
80 60 364
80 61 464
80 62 547
80 63 96
80 64 154
80 65 252
80 66 302
80 67 307
80 68 333
80 69 427
80 70 527
80 71 169
80 72 167
80 73 127
80 74 221
80 75 285
80 76 333
80 77 302
80 78 286
80 79 56
80 80 0
80 81 41
80 82 42
80 83 109
80 84 146
80 85 215
80 86 267
80 87 350
80 88 117
80 89 195
80 90 196
80 91 253
80 92 313
80 93 335
80 94 366
80 95 391
80 96 149
80 97 160
80 98 214
80 99 283
80 100 290
81 1 184
81 2 208
81 3 256
81 4 191
81 5 148
81 6 170
81 7 256
81 8 263
81 9 315
81 10 363
81 11 134
81 12 32
81 13 65
81 14 115
81 15 213
81 16 157
81 17 196
81 18 225
81 19 305
81 20 205
81 21 165
81 22 244
81 23 212
81 24 220
81 25 304
81 26 201
81 27 175
81 28 246
81 29 206
81 30 196
81 31 261
81 32 332
81 33 269
81 34 350
81 35 417
81 36 255
81 37 145
81 38 230
81 39 292
81 40 123
81 41 124
81 42 176
81 43 258
81 44 146
81 45 189
81 46 250
81 47 291
81 48 111
81 49 204
81 50 228
81 51 201
81 52 228
81 53 255
81 54 288
81 55 155
81 56 226
81 57 250
81 58 247
81 59 338
81 60 323
81 61 423
81 62 506
81 63 55
81 64 113
81 65 211
81 66 261
81 67 266
81 68 292
81 69 386
81 70 486
81 71 128
81 72 183
81 73 86
81 74 180
81 75 244
81 76 292
81 77 261
81 78 245
81 79 250
81 80 344
81 81 0
81 82 1
81 83 68
81 84 105
81 85 174
81 86 226
81 87 309
81 88 311
81 89 389
81 90 348
81 91 249
81 92 309
81 93 331
81 94 325
81 95 350
81 96 108
81 97 119
81 98 173
81 99 242
81 100 249
82 1 183
82 2 207
82 3 255
82 4 280
82 5 147
82 6 169
82 7 255
82 8 262
82 9 314
82 10 362
82 11 413
82 12 311
82 13 344
82 14 332
82 15 430
82 16 156
82 17 195
82 18 224
82 19 304
82 20 204
82 21 207
82 22 286
82 23 211
82 24 219
82 25 303
82 26 200
82 27 174
82 28 245
82 29 205
82 30 282
82 31 347
82 32 418
82 33 268
82 34 349
82 35 416
82 36 254
82 37 144
82 38 229
82 39 291
82 40 212
82 41 213
82 42 265
82 43 257
82 44 145
82 45 188
82 46 249
82 47 290
82 48 110
82 49 203
82 50 248
82 51 200
82 52 227
82 53 254
82 54 287
82 55 154
82 56 225
82 57 249
82 58 246
82 59 337
82 60 322
82 61 422
82 62 505
82 63 334
82 64 242
82 65 340
82 66 390
82 67 395
82 68 421
82 69 515
82 70 615
82 71 220
82 72 182
82 73 175
82 74 269
82 75 333
82 76 381
82 77 303
82 78 244
82 79 249
82 80 343
82 81 384
82 82 0
82 83 67
82 84 104
82 85 173
82 86 225
82 87 308
82 88 310
82 89 388
82 90 347
82 91 248
82 92 308
82 93 330
82 94 324
82 95 349
82 96 107
82 97 118
82 98 172
82 99 241
82 100 248
83 1 116
83 2 140
83 3 188
83 4 213
83 5 80
83 6 102
83 7 188
83 8 195
83 9 247
83 10 295
83 11 346
83 12 244
83 13 277
83 14 265
83 15 363
83 16 89
83 17 128
83 18 157
83 19 237
83 20 137
83 21 140
83 22 219
83 23 144
83 24 152
83 25 236
83 26 133
83 27 107
83 28 178
83 29 138
83 30 215
83 31 280
83 32 351
83 33 201
83 34 282
83 35 349
83 36 187
83 37 77
83 38 162
83 39 224
83 40 145
83 41 146
83 42 198
83 43 190
83 44 78
83 45 121
83 46 182
83 47 223
83 48 43
83 49 136
83 50 181
83 51 133
83 52 160
83 53 187
83 54 220
83 55 87
83 56 158
83 57 182
83 58 179
83 59 270
83 60 255
83 61 355
83 62 438
83 63 267
83 64 175
83 65 273
83 66 323
83 67 328
83 68 354
83 69 448
83 70 548
83 71 153
83 72 115
83 73 108
83 74 202
83 75 266
83 76 314
83 77 236
83 78 177
83 79 182
83 80 276
83 81 317
83 82 318
83 83 0
83 84 37
83 85 106
83 86 158
83 87 241
83 88 243
83 89 321
83 90 280
83 91 181
83 92 241
83 93 263
83 94 257
83 95 282
83 96 40
83 97 51
83 98 105
83 99 174
83 100 181
84 1 79
84 2 103
84 3 152
84 4 210
84 5 82
84 6 104
84 7 190
84 8 197
84 9 249
84 10 297
84 11 348
84 12 246
84 13 279
84 14 267
84 15 365
84 16 52
84 17 91
84 18 120
84 19 200
84 20 139
84 21 142
84 22 221
84 23 146
84 24 146
84 25 202
84 26 96
84 27 105
84 28 176
84 29 140
84 30 217
84 31 282
84 32 353
84 33 164
84 34 245
84 35 312
84 36 150
84 37 40
84 38 125
84 39 187
84 40 142
84 41 143
84 42 195
84 43 153
84 44 41
84 45 84
84 46 145
84 47 186
84 48 148
84 49 241
84 50 256
84 51 96
84 52 123
84 53 150
84 54 226
84 55 89
84 56 160
84 57 184
84 58 181
84 59 272
84 60 253
84 61 353
84 62 436
84 63 269
84 64 138
84 65 236
84 66 286
84 67 291
84 68 317
84 69 411
84 70 511
84 71 153
84 72 78
84 73 105
84 74 199
84 75 263
84 76 311
84 77 238
84 78 140
84 79 184
84 80 278
84 81 319
84 82 320
84 83 105
84 84 0
84 85 69
84 86 121
84 87 204
84 88 210
84 89 288
84 90 282
84 91 183
84 92 243
84 93 265
84 94 220
84 95 245
84 96 42
84 97 53
84 98 107
84 99 176
84 100 183
85 1 253
85 2 277
85 3 294
85 4 146
85 5 192
85 6 214
85 7 300
85 8 307
85 9 359
85 10 407
85 11 442
85 12 340
85 13 373
85 14 259
85 15 357
85 16 156
85 17 195
85 18 284
85 19 364
85 20 243
85 21 246
85 22 325
85 23 212
85 24 149
85 25 233
85 26 164
85 27 173
85 28 244
85 29 244
85 30 152
85 31 217
85 32 288
85 33 95
85 34 176
85 35 243
85 36 254
85 37 214
85 38 232
85 39 294
85 40 206
85 41 79
85 42 131
85 43 84
85 44 109
85 45 152
85 46 213
85 47 254
85 48 235
85 49 328
85 50 187
85 51 27
85 52 54
85 53 81
85 54 157
85 55 193
85 56 264
85 57 288
85 58 285
85 59 376
85 60 321
85 61 299
85 62 382
85 63 363
85 64 69
85 65 167
85 66 217
85 67 222
85 68 248
85 69 342
85 70 442
85 71 84
85 72 142
85 73 169
85 74 263
85 75 327
85 76 375
85 77 342
85 78 208
85 79 288
85 80 382
85 81 423
85 82 424
85 83 279
85 84 316
85 85 0
85 86 52
85 87 135
85 88 141
85 89 219
85 90 220
85 91 277
85 92 337
85 93 359
85 94 288
85 95 313
85 96 319
85 97 157
85 98 211
85 99 168
85 100 175
86 1 339
86 2 232
86 3 281
86 4 271
86 5 314
86 6 312
86 7 398
86 8 405
86 9 457
86 10 505
86 11 390
86 12 288
86 13 321
86 14 371
86 15 469
86 16 104
86 17 143
86 18 232
86 19 312
86 20 371
86 21 374
86 22 453
86 23 378
86 24 258
86 25 331
86 26 353
86 27 317
86 28 388
86 29 372
86 30 360
86 31 425
86 32 496
86 33 303
86 34 384
86 35 451
86 36 279
86 37 300
86 38 385
86 39 447
86 40 203
86 41 204
86 42 256
86 43 292
86 44 312
86 45 355
86 46 416
86 47 310
86 48 232
86 49 325
86 50 135
86 51 235
86 52 262
86 53 289
86 54 365
86 55 321
86 56 317
86 57 341
86 58 349
86 59 440
86 60 465
86 61 507
86 62 590
86 63 311
86 64 277
86 65 375
86 66 425
86 67 430
86 68 456
86 69 550
86 70 650
86 71 292
86 72 139
86 73 166
86 74 260
86 75 324
86 76 372
86 77 391
86 78 411
86 79 416
86 80 510
86 81 551
86 82 552
86 83 234
86 84 271
86 85 340
86 86 0
86 87 83
86 88 89
86 89 167
86 90 168
86 91 225
86 92 285
86 93 307
86 94 406
86 95 431
86 96 274
86 97 285
86 98 339
86 99 376
86 100 383
87 1 256
87 2 149
87 3 198
87 4 188
87 5 231
87 6 229
87 7 315
87 8 322
87 9 374
87 10 422
87 11 307
87 12 205
87 13 238
87 14 288
87 15 386
87 16 21
87 17 60
87 18 149
87 19 229
87 20 288
87 21 291
87 22 370
87 23 295
87 24 175
87 25 248
87 26 270
87 27 234
87 28 305
87 29 289
87 30 277
87 31 342
87 32 413
87 33 220
87 34 301
87 35 368
87 36 196
87 37 217
87 38 302
87 39 364
87 40 120
87 41 121
87 42 173
87 43 209
87 44 229
87 45 272
87 46 333
87 47 227
87 48 149
87 49 242
87 50 52
87 51 152
87 52 179
87 53 206
87 54 282
87 55 238
87 56 234
87 57 258
87 58 266
87 59 357
87 60 382
87 61 424
87 62 507
87 63 228
87 64 194
87 65 292
87 66 342
87 67 347
87 68 373
87 69 467
87 70 567
87 71 209
87 72 56
87 73 83
87 74 177
87 75 241
87 76 289
87 77 308
87 78 328
87 79 333
87 80 427
87 81 468
87 82 469
87 83 151
87 84 188
87 85 257
87 86 234
87 87 0
87 88 6
87 89 84
87 90 85
87 91 142
87 92 202
87 93 224
87 94 323
87 95 348
87 96 191
87 97 202
87 98 256
87 99 293
87 100 300
88 1 250
88 2 143
88 3 192
88 4 182
88 5 225
88 6 223
88 7 309
88 8 316
88 9 368
88 10 416
88 11 301
88 12 199
88 13 232
88 14 282
88 15 380
88 16 204
88 17 243
88 18 291
88 19 371
88 20 282
88 21 285
88 22 364
88 23 289
88 24 268
88 25 242
88 26 264
88 27 228
88 28 299
88 29 283
88 30 271
88 31 336
88 32 407
88 33 214
88 34 295
88 35 362
88 36 190
88 37 211
88 38 296
88 39 358
88 40 114
88 41 115
88 42 167
88 43 203
88 44 223
88 45 266
88 46 327
88 47 368
88 48 143
88 49 236
88 50 46
88 51 146
88 52 173
88 53 200
88 54 276
88 55 232
88 56 228
88 57 252
88 58 260
88 59 351
88 60 376
88 61 418
88 62 501
88 63 222
88 64 188
88 65 286
88 66 336
88 67 341
88 68 367
88 69 461
88 70 561
88 71 203
88 72 50
88 73 77
88 74 171
88 75 235
88 76 283
88 77 302
88 78 322
88 79 327
88 80 421
88 81 462
88 82 463
88 83 145
88 84 182
88 85 251
88 86 303
88 87 386
88 88 0
88 89 78
88 90 79
88 91 136
88 92 196
88 93 218
88 94 317
88 95 342
88 96 185
88 97 196
88 98 250
88 99 287
88 100 294
89 1 172
89 2 65
89 3 114
89 4 186
89 5 147
89 6 145
89 7 231
89 8 238
89 9 290
89 10 338
89 11 223
89 12 121
89 13 154
89 14 204
89 15 302
89 16 126
89 17 165
89 18 213
89 19 293
89 20 204
89 21 207
89 22 286
89 23 211
89 24 219
89 25 164
89 26 186
89 27 150
89 28 221
89 29 205
89 30 282
89 31 347
89 32 418
89 33 253
89 34 334
89 35 401
89 36 112
89 37 133
89 38 218
89 39 280
89 40 153
89 41 154
89 42 206
89 43 242
89 44 145
89 45 188
89 46 249
89 47 290
89 48 110
89 49 203
89 50 85
89 51 185
89 52 212
89 53 239
89 54 287
89 55 154
89 56 150
89 57 174
89 58 182
89 59 273
89 60 298
89 61 398
89 62 481
89 63 144
89 64 202
89 65 300
89 66 350
89 67 355
89 68 381
89 69 475
89 70 575
89 71 217
89 72 89
89 73 116
89 74 210
89 75 274
89 76 322
89 77 303
89 78 244
89 79 249
89 80 343
89 81 384
89 82 385
89 83 67
89 84 104
89 85 173
89 86 225
89 87 308
89 88 39
89 89 0
89 90 1
89 91 58
89 92 118
89 93 140
89 94 239
89 95 264
89 96 107
89 97 118
89 98 172
89 99 241
89 100 248
90 1 171
90 2 64
90 3 113
90 4 185
90 5 146
90 6 144
90 7 230
90 8 237
90 9 289
90 10 337
90 11 222
90 12 120
90 13 153
90 14 203
90 15 301
90 16 125
90 17 164
90 18 212
90 19 292
90 20 203
90 21 206
90 22 285
90 23 210
90 24 218
90 25 163
90 26 185
90 27 149
90 28 220
90 29 204
90 30 281
90 31 346
90 32 417
90 33 267
90 34 348
90 35 415
90 36 111
90 37 132
90 38 217
90 39 279
90 40 211
90 41 212
90 42 264
90 43 256
90 44 144
90 45 187
90 46 248
90 47 289
90 48 109
90 49 202
90 50 247
90 51 199
90 52 226
90 53 253
90 54 286
90 55 153
90 56 149
90 57 173
90 58 181
90 59 272
90 60 297
90 61 397
90 62 480
90 63 143
90 64 201
90 65 299
90 66 349
90 67 354
90 68 380
90 69 474
90 70 574
90 71 216
90 72 170
90 73 174
90 74 211
90 75 275
90 76 323
90 77 302
90 78 243
90 79 248
90 80 342
90 81 383
90 82 384
90 83 66
90 84 103
90 85 172
90 86 224
90 87 307
90 88 309
90 89 387
90 90 0
90 91 57
90 92 117
90 93 139
90 94 238
90 95 263
90 96 106
90 97 117
90 98 171
90 99 240
90 100 247
91 1 114
91 2 7
91 3 56
91 4 128
91 5 89
91 6 87
91 7 173
91 8 180
91 9 232
91 10 280
91 11 165
91 12 63
91 13 96
91 14 146
91 15 244
91 16 68
91 17 107
91 18 155
91 19 235
91 20 146
91 21 149
91 22 228
91 23 153
91 24 161
91 25 106
91 26 128
91 27 92
91 28 163
91 29 147
91 30 224
91 31 289
91 32 360
91 33 210
91 34 291
91 35 358
91 36 54
91 37 75
91 38 160
91 39 222
91 40 154
91 41 155
91 42 207
91 43 199
91 44 87
91 45 130
91 46 191
91 47 232
91 48 52
91 49 145
91 50 190
91 51 142
91 52 169
91 53 196
91 54 229
91 55 96
91 56 92
91 57 116
91 58 124
91 59 215
91 60 240
91 61 340
91 62 423
91 63 86
91 64 144
91 65 242
91 66 292
91 67 297
91 68 323
91 69 417
91 70 517
91 71 159
91 72 113
91 73 117
91 74 154
91 75 218
91 76 266
91 77 245
91 78 186
91 79 191
91 80 285
91 81 326
91 82 327
91 83 9
91 84 46
91 85 115
91 86 167
91 87 250
91 88 252
91 89 330
91 90 214
91 91 0
91 92 60
91 93 82
91 94 181
91 95 206
91 96 49
91 97 60
91 98 114
91 99 183
91 100 190
92 1 264
92 2 278
92 3 267
92 4 234
92 5 197
92 6 27
92 7 113
92 8 120
92 9 172
92 10 220
92 11 292
92 12 302
92 13 335
92 14 382
92 15 480
92 16 237
92 17 276
92 18 234
92 19 314
92 20 254
92 21 257
92 22 336
92 23 223
92 24 231
92 25 315
92 26 337
92 27 32
92 28 103
92 29 202
92 30 279
92 31 250
92 32 321
92 33 274
92 34 355
92 35 422
92 36 325
92 37 225
92 38 310
92 39 372
92 40 262
92 41 167
92 42 219
92 43 319
92 44 344
92 45 387
92 46 448
92 47 312
92 48 323
92 49 416
92 50 284
92 51 277
92 52 304
92 53 305
92 54 381
92 55 166
92 56 237
92 57 261
92 58 269
92 59 360
92 60 180
92 61 280
92 62 363
92 63 325
92 64 319
92 65 393
92 66 443
92 67 418
92 68 444
92 69 538
92 70 638
92 71 232
92 72 263
92 73 225
92 74 319
92 75 383
92 76 431
92 77 353
92 78 436
92 79 299
92 80 393
92 81 434
92 82 435
92 83 280
92 84 317
92 85 386
92 86 149
92 87 232
92 88 238
92 89 316
92 90 317
92 91 271
92 92 0
92 93 22
92 94 121
92 95 146
92 96 157
92 97 168
92 98 222
92 99 291
92 100 298
93 1 242
93 2 256
93 3 245
93 4 212
93 5 175
93 6 5
93 7 91
93 8 98
93 9 150
93 10 198
93 11 270
93 12 280
93 13 313
93 14 360
93 15 458
93 16 215
93 17 254
93 18 212
93 19 292
93 20 232
93 21 235
93 22 314
93 23 201
93 24 209
93 25 293
93 26 315
93 27 10
93 28 81
93 29 180
93 30 257
93 31 228
93 32 299
93 33 252
93 34 333
93 35 400
93 36 303
93 37 203
93 38 288
93 39 350
93 40 240
93 41 145
93 42 197
93 43 297
93 44 322
93 45 365
93 46 426
93 47 290
93 48 301
93 49 394
93 50 262
93 51 255
93 52 282
93 53 283
93 54 359
93 55 144
93 56 215
93 57 239
93 58 247
93 59 338
93 60 158
93 61 258
93 62 341
93 63 303
93 64 297
93 65 371
93 66 421
93 67 396
93 68 422
93 69 516
93 70 616
93 71 210
93 72 241
93 73 203
93 74 297
93 75 361
93 76 409
93 77 331
93 78 414
93 79 277
93 80 371
93 81 412
93 82 413
93 83 258
93 84 295
93 85 364
93 86 127
93 87 210
93 88 216
93 89 294
93 90 295
93 91 249
93 92 309
93 93 0
93 94 99
93 95 124
93 96 135
93 97 146
93 98 200
93 99 269
93 100 276
94 1 181
94 2 184
94 3 184
94 4 209
94 5 76
94 6 98
94 7 184
94 8 191
94 9 243
94 10 291
94 11 342
94 12 240
94 13 273
94 14 261
94 15 359
94 16 154
94 17 193
94 18 222
94 19 302
94 20 133
94 21 136
94 22 215
94 23 140
94 24 148
94 25 232
94 26 254
94 27 103
94 28 174
94 29 134
94 30 211
94 31 276
94 32 347
94 33 224
94 34 305
94 35 372
94 36 231
94 37 142
94 38 227
94 39 289
94 40 141
94 41 142
94 42 194
94 43 213
94 44 238
94 45 281
94 46 342
94 47 300
94 48 229
94 49 322
94 50 285
94 51 156
94 52 183
94 53 210
94 54 286
94 55 83
94 56 154
94 57 178
94 58 175
94 59 266
94 60 251
94 61 351
94 62 434
94 63 263
94 64 198
94 65 296
94 66 346
94 67 351
94 68 377
94 69 471
94 70 571
94 71 149
94 72 180
94 73 104
94 74 198
94 75 262
94 76 310
94 77 232
94 78 315
94 79 178
94 80 272
94 81 313
94 82 314
94 83 186
94 84 223
94 85 292
94 86 220
94 87 303
94 88 239
94 89 317
94 90 276
94 91 177
94 92 237
94 93 259
94 94 0
94 95 25
94 96 36
94 97 47
94 98 101
94 99 170
94 100 177
95 1 156
95 2 159
95 3 159
95 4 184
95 5 51
95 6 73
95 7 159
95 8 166
95 9 218
95 10 266
95 11 317
95 12 215
95 13 248
95 14 236
95 15 334
95 16 129
95 17 168
95 18 197
95 19 277
95 20 108
95 21 111
95 22 190
95 23 115
95 24 123
95 25 207
95 26 229
95 27 78
95 28 149
95 29 109
95 30 186
95 31 251
95 32 322
95 33 199
95 34 280
95 35 347
95 36 206
95 37 117
95 38 202
95 39 264
95 40 116
95 41 117
95 42 169
95 43 188
95 44 213
95 45 256
95 46 317
95 47 275
95 48 204
95 49 297
95 50 260
95 51 131
95 52 158
95 53 185
95 54 261
95 55 58
95 56 129
95 57 153
95 58 150
95 59 241
95 60 226
95 61 326
95 62 409
95 63 238
95 64 173
95 65 271
95 66 321
95 67 326
95 68 352
95 69 446
95 70 546
95 71 124
95 72 155
95 73 79
95 74 173
95 75 237
95 76 285
95 77 207
95 78 290
95 79 153
95 80 247
95 81 288
95 82 289
95 83 161
95 84 198
95 85 267
95 86 195
95 87 278
95 88 214
95 89 292
95 90 251
95 91 152
95 92 212
95 93 234
95 94 333
95 95 0
95 96 11
95 97 22
95 98 76
95 99 145
95 100 152
96 1 145
96 2 148
96 3 148
96 4 173
96 5 40
96 6 62
96 7 148
96 8 155
96 9 207
96 10 255
96 11 306
96 12 204
96 13 237
96 14 225
96 15 323
96 16 118
96 17 157
96 18 186
96 19 266
96 20 97
96 21 100
96 22 179
96 23 104
96 24 112
96 25 196
96 26 218
96 27 67
96 28 138
96 29 98
96 30 175
96 31 240
96 32 311
96 33 188
96 34 269
96 35 336
96 36 195
96 37 106
96 38 191
96 39 253
96 40 105
96 41 106
96 42 158
96 43 177
96 44 202
96 45 245
96 46 306
96 47 264
96 48 193
96 49 286
96 50 249
96 51 120
96 52 147
96 53 174
96 54 250
96 55 47
96 56 118
96 57 142
96 58 139
96 59 230
96 60 215
96 61 315
96 62 398
96 63 227
96 64 162
96 65 260
96 66 310
96 67 315
96 68 341
96 69 435
96 70 535
96 71 113
96 72 144
96 73 68
96 74 162
96 75 226
96 76 274
96 77 196
96 78 279
96 79 142
96 80 236
96 81 277
96 82 278
96 83 150
96 84 187
96 85 256
96 86 184
96 87 267
96 88 203
96 89 281
96 90 240
96 91 141
96 92 201
96 93 223
96 94 322
96 95 347
96 96 0
96 97 11
96 98 65
96 99 134
96 100 141
97 1 134
97 2 137
97 3 137
97 4 162
97 5 208
97 6 217
97 7 303
97 8 310
97 9 362
97 10 410
97 11 295
97 12 193
97 13 226
97 14 214
97 15 312
97 16 107
97 17 146
97 18 175
97 19 255
97 20 86
97 21 89
97 22 168
97 23 93
97 24 101
97 25 185
97 26 207
97 27 216
97 28 287
97 29 87
97 30 164
97 31 229
97 32 300
97 33 318
97 34 399
97 35 466
97 36 184
97 37 95
97 38 180
97 39 242
97 40 94
97 41 95
97 42 147
97 43 247
97 44 217
97 45 260
97 46 321
97 47 253
97 48 182
97 49 275
97 50 238
97 51 272
97 52 299
97 53 246
97 54 322
97 55 36
97 56 107
97 57 131
97 58 128
97 59 219
97 60 300
97 61 400
97 62 483
97 63 216
97 64 274
97 65 334
97 66 384
97 67 389
97 68 415
97 69 509
97 70 609
97 71 102
97 72 133
97 73 57
97 74 151
97 75 215
97 76 263
97 77 185
97 78 268
97 79 131
97 80 225
97 81 266
97 82 267
97 83 139
97 84 176
97 85 245
97 86 260
97 87 343
97 88 192
97 89 270
97 90 229
97 91 130
97 92 190
97 93 212
97 94 311
97 95 336
97 96 179
97 97 0
97 98 54
97 99 123
97 100 130
98 1 170
98 2 83
98 3 132
98 4 108
98 5 154
98 6 163
98 7 249
98 8 256
98 9 308
98 10 356
98 11 241
98 12 139
98 13 172
98 14 160
98 15 258
98 16 144
98 17 183
98 18 231
98 19 311
98 20 32
98 21 35
98 22 114
98 23 159
98 24 167
98 25 182
98 26 204
98 27 168
98 28 239
98 29 223
98 30 300
98 31 365
98 32 436
98 33 286
98 34 367
98 35 434
98 36 130
98 37 151
98 38 236
98 39 298
98 40 40
98 41 41
98 42 93
98 43 193
98 44 163
98 45 206
98 46 267
98 47 308
98 48 128
98 49 221
98 50 184
98 51 218
98 52 245
98 53 272
98 54 305
98 55 172
98 56 168
98 57 192
98 58 74
98 59 165
98 60 246
98 61 346
98 62 429
98 63 162
98 64 220
98 65 318
98 66 368
98 67 373
98 68 399
98 69 493
98 70 593
98 71 168
98 72 188
98 73 3
98 74 97
98 75 161
98 76 209
98 77 131
98 78 214
98 79 77
98 80 171
98 81 212
98 82 213
98 83 85
98 84 122
98 85 191
98 86 243
98 87 326
98 88 138
98 89 216
98 90 217
98 91 76
98 92 136
98 93 158
98 94 257
98 95 282
98 96 125
98 97 136
98 98 0
98 99 69
98 100 76
99 1 101
99 2 125
99 3 174
99 4 246
99 5 207
99 6 229
99 7 315
99 8 322
99 9 374
99 10 422
99 11 409
99 12 307
99 13 340
99 14 91
99 15 189
99 16 186
99 17 225
99 18 273
99 19 353
99 20 264
99 21 141
99 22 220
99 23 265
99 24 273
99 25 224
99 26 246
99 27 234
99 28 305
99 29 265
99 30 342
99 31 407
99 32 478
99 33 328
99 34 409
99 35 476
99 36 172
99 37 193
99 38 278
99 39 340
99 40 224
99 41 225
99 42 277
99 43 317
99 44 205
99 45 248
99 46 309
99 47 350
99 48 170
99 49 263
99 50 308
99 51 260
99 52 287
99 53 314
99 54 347
99 55 214
99 56 210
99 57 234
99 58 242
99 59 333
99 60 382
99 61 482
99 62 565
99 63 330
99 64 302
99 65 400
99 66 450
99 67 455
99 68 481
99 69 575
99 70 675
99 71 274
99 72 231
99 73 187
99 74 272
99 75 336
99 76 384
99 77 237
99 78 304
99 79 309
99 80 403
99 81 444
99 82 445
99 83 127
99 84 164
99 85 233
99 86 285
99 87 368
99 88 370
99 89 448
99 90 332
99 91 244
99 92 304
99 93 326
99 94 384
99 95 409
99 96 167
99 97 178
99 98 232
99 99 0
99 100 7
100 1 94
100 2 118
100 3 167
100 4 239
100 5 200
100 6 222
100 7 308
100 8 315
100 9 367
100 10 415
100 11 402
100 12 300
100 13 333
100 14 383
100 15 481
100 16 179
100 17 218
100 18 266
100 19 346
100 20 257
100 21 260
100 22 339
100 23 264
100 24 272
100 25 217
100 26 239
100 27 227
100 28 298
100 29 258
100 30 335
100 31 400
100 32 471
100 33 321
100 34 402
100 35 469
100 36 165
100 37 186
100 38 271
100 39 333
100 40 265
100 41 266
100 42 318
100 43 310
100 44 198
100 45 241
100 46 302
100 47 343
100 48 163
100 49 256
100 50 301
100 51 253
100 52 280
100 53 307
100 54 340
100 55 207
100 56 203
100 57 227
100 58 235
100 59 326
100 60 375
100 61 475
100 62 558
100 63 323
100 64 295
100 65 393
100 66 443
100 67 448
100 68 474
100 69 568
100 70 668
100 71 273
100 72 224
100 73 228
100 74 265
100 75 329
100 76 377
100 77 356
100 78 297
100 79 302
100 80 396
100 81 437
100 82 438
100 83 120
100 84 157
100 85 226
100 86 278
100 87 361
100 88 363
100 89 441
100 90 325
100 91 237
100 92 297
100 93 319
100 94 377
100 95 402
100 96 160
100 97 171
100 98 225
100 99 294
100 100 0
