100 200 20
1 1 0
1 2 45
1 3 68
1 4 164
1 5 223
1 6 247
1 7 172
1 8 196
1 9 266
1 10 271
1 11 337
1 12 430
1 13 461
1 14 130
1 15 219
1 16 312
1 17 334
1 18 417
1 19 302
1 20 297
1 21 356
1 22 250
1 23 327
1 24 351
1 25 445
1 26 389
1 27 336
1 28 389
1 29 425
1 30 461
1 31 91
1 32 105
1 33 170
1 34 183
1 35 255
1 36 299
1 37 383
1 38 400
1 39 411
1 40 509
1 41 579
1 42 529
1 43 376
1 44 411
1 45 416
1 46 195
1 47 230
1 48 234
1 49 242
1 50 285
1 51 304
1 52 356
1 53 402
1 54 450
1 55 288
1 56 311
1 57 346
1 58 383
1 59 398
1 60 426
1 61 365
1 62 443
1 63 468
1 64 402
1 65 483
1 66 565
1 67 595
1 68 379
1 69 305
1 70 210
1 71 286
1 72 302
1 73 362
1 74 373
1 75 383
1 76 469
1 77 385
1 78 394
1 79 476
1 80 570
1 81 274
1 82 346
1 83 430
1 84 471
1 85 551
1 86 513
1 87 323
1 88 292
1 89 250
1 90 334
1 91 369
1 92 440
1 93 468
1 94 525
1 95 601
1 96 651
1 97 676
1 98 234
1 99 278
1 100 324
2 1 289
2 2 0
2 3 23
2 4 119
2 5 178
2 6 202
2 7 127
2 8 151
2 9 221
2 10 226
2 11 292
2 12 385
2 13 416
2 14 85
2 15 174
2 16 267
2 17 289
2 18 372
2 19 257
2 20 252
2 21 311
2 22 205
2 23 282
2 24 306
2 25 400
2 26 344
2 27 291
2 28 344
2 29 380
2 30 416
2 31 46
2 32 60
2 33 125
2 34 138
2 35 210
2 36 254
2 37 338
2 38 355
2 39 366
2 40 464
2 41 534
2 42 484
2 43 331
2 44 366
2 45 371
2 46 150
2 47 185
2 48 189
2 49 197
2 50 240
2 51 259
2 52 311
2 53 357
2 54 405
2 55 243
2 56 266
2 57 301
2 58 338
2 59 353
2 60 381
2 61 320
2 62 398
2 63 423
2 64 357
2 65 438
2 66 520
2 67 550
2 68 334
2 69 260
2 70 165
2 71 241
2 72 257
2 73 317
2 74 328
2 75 338
2 76 424
2 77 340
2 78 349
2 79 431
2 80 525
2 81 229
2 82 301
2 83 385
2 84 426
2 85 506
2 86 468
2 87 278
2 88 247
2 89 205
2 90 289
2 91 324
2 92 395
2 93 423
2 94 480
2 95 556
2 96 606
2 97 631
2 98 189
2 99 233
2 100 279
3 1 419
3 2 464
3 3 0
3 4 96
3 5 155
3 6 179
3 7 257
3 8 281
3 9 351
3 10 356
3 11 422
3 12 515
3 13 546
3 14 62
3 15 151
3 16 244
3 17 266
3 18 349
3 19 387
3 20 239
3 21 298
3 22 182
3 23 259
3 24 283
3 25 377
3 26 321
3 27 268
3 28 321
3 29 357
3 30 393
3 31 277
3 32 291
3 33 356
3 34 369
3 35 441
3 36 249
3 37 333
3 38 350
3 39 361
3 40 459
3 41 529
3 42 461
3 43 318
3 44 353
3 45 358
3 46 315
3 47 350
3 48 354
3 49 362
3 50 405
3 51 424
3 52 476
3 53 522
3 54 382
3 55 373
3 56 396
3 57 342
3 58 343
3 59 358
3 60 386
3 61 395
3 62 460
3 63 418
3 64 334
3 65 415
3 66 497
3 67 527
3 68 497
3 69 425
3 70 295
3 71 371
3 72 387
3 73 447
3 74 493
3 75 503
3 76 589
3 77 357
3 78 366
3 79 448
3 80 542
3 81 206
3 82 278
3 83 362
3 84 403
3 85 483
3 86 463
3 87 443
3 88 410
3 89 182
3 90 266
3 91 301
3 92 372
3 93 400
3 94 457
3 95 533
3 96 583
3 97 608
3 98 319
3 99 363
3 100 409
4 1 323
4 2 368
4 3 391
4 4 0
4 5 59
4 6 83
4 7 161
4 8 185
4 9 255
4 10 260
4 11 326
4 12 419
4 13 450
4 14 389
4 15 478
4 16 571
4 17 507
4 18 590
4 19 291
4 20 380
4 21 439
4 22 241
4 23 326
4 24 350
4 25 444
4 26 388
4 27 391
4 28 444
4 29 424
4 30 460
4 31 336
4 32 350
4 33 415
4 34 428
4 35 500
4 36 308
4 37 392
4 38 409
4 39 420
4 40 518
4 41 588
4 42 520
4 43 396
4 44 431
4 45 436
4 46 406
4 47 441
4 48 445
4 49 453
4 50 496
4 51 515
4 52 540
4 53 586
4 54 449
4 55 277
4 56 300
4 57 335
4 58 372
4 59 387
4 60 415
4 61 387
4 62 465
4 63 477
4 64 425
4 65 506
4 66 588
4 67 618
4 68 401
4 69 489
4 70 199
4 71 275
4 72 291
4 73 351
4 74 446
4 75 456
4 76 542
4 77 374
4 78 383
4 79 465
4 80 559
4 81 265
4 82 337
4 83 421
4 84 462
4 85 542
4 86 522
4 87 507
4 88 314
4 89 356
4 90 357
4 91 392
4 92 463
4 93 491
4 94 548
4 95 624
4 96 674
4 97 699
4 98 223
4 99 267
4 100 313
5 1 264
5 2 309
5 3 332
5 4 275
5 5 0
5 6 24
5 7 102
5 8 126
5 9 196
5 10 201
5 11 267
5 12 360
5 13 391
5 14 330
5 15 419
5 16 512
5 17 448
5 18 531
5 19 232
5 20 321
5 21 380
5 22 182
5 23 267
5 24 291
5 25 385
5 26 329
5 27 332
5 28 385
5 29 365
5 30 401
5 31 277
5 32 291
5 33 356
5 34 369
5 35 441
5 36 249
5 37 333
5 38 350
5 39 361
5 40 459
5 41 529
5 42 461
5 43 337
5 44 372
5 45 377
5 46 347
5 47 382
5 48 386
5 49 394
5 50 437
5 51 456
5 52 481
5 53 527
5 54 390
5 55 218
5 56 241
5 57 276
5 58 313
5 59 328
5 60 356
5 61 328
5 62 406
5 63 418
5 64 366
5 65 447
5 66 529
5 67 559
5 68 342
5 69 430
5 70 140
5 71 216
5 72 232
5 73 292
5 74 387
5 75 397
5 76 483
5 77 315
5 78 324
5 79 406
5 80 500
5 81 206
5 82 278
5 83 362
5 84 403
5 85 483
5 86 463
5 87 448
5 88 255
5 89 297
5 90 298
5 91 333
5 92 404
5 93 432
5 94 489
5 95 565
5 96 615
5 97 640
5 98 164
5 99 208
5 100 254
6 1 240
6 2 285
6 3 308
6 4 251
6 5 310
6 6 0
6 7 78
6 8 102
6 9 172
6 10 177
6 11 243
6 12 336
6 13 367
6 14 306
6 15 395
6 16 488
6 17 424
6 18 507
6 19 208
6 20 297
6 21 356
6 22 158
6 23 243
6 24 267
6 25 361
6 26 305
6 27 308
6 28 361
6 29 341
6 30 377
6 31 253
6 32 267
6 33 332
6 34 345
6 35 417
6 36 225
6 37 309
6 38 326
6 39 337
6 40 435
6 41 505
6 42 437
6 43 313
6 44 348
6 45 353
6 46 323
6 47 358
6 48 362
6 49 370
6 50 413
6 51 432
6 52 457
6 53 503
6 54 366
6 55 194
6 56 217
6 57 252
6 58 289
6 59 304
6 60 332
6 61 304
6 62 382
6 63 394
6 64 342
6 65 423
6 66 505
6 67 535
6 68 318
6 69 406
6 70 116
6 71 192
6 72 208
6 73 268
6 74 363
6 75 373
6 76 459
6 77 291
6 78 300
6 79 382
6 80 476
6 81 182
6 82 254
6 83 338
6 84 379
6 85 459
6 86 439
6 87 424
6 88 231
6 89 273
6 90 274
6 91 309
6 92 380
6 93 408
6 94 465
6 95 541
6 96 591
6 97 616
6 98 140
6 99 184
6 100 230
7 1 162
7 2 207
7 3 230
7 4 173
7 5 232
7 6 256
7 7 0
7 8 24
7 9 94
7 10 99
7 11 165
7 12 258
7 13 289
7 14 228
7 15 317
7 16 410
7 17 346
7 18 429
7 19 130
7 20 219
7 21 278
7 22 80
7 23 165
7 24 189
7 25 283
7 26 227
7 27 230
7 28 283
7 29 263
7 30 299
7 31 175
7 32 189
7 33 254
7 34 267
7 35 339
7 36 147
7 37 231
7 38 248
7 39 259
7 40 357
7 41 427
7 42 359
7 43 235
7 44 270
7 45 275
7 46 245
7 47 280
7 48 284
7 49 292
7 50 335
7 51 354
7 52 379
7 53 425
7 54 288
7 55 116
7 56 139
7 57 174
7 58 211
7 59 226
7 60 254
7 61 226
7 62 304
7 63 316
7 64 264
7 65 345
7 66 427
7 67 457
7 68 240
7 69 328
7 70 38
7 71 114
7 72 130
7 73 190
7 74 285
7 75 295
7 76 381
7 77 213
7 78 222
7 79 304
7 80 398
7 81 104
7 82 176
7 83 260
7 84 301
7 85 381
7 86 361
7 87 346
7 88 153
7 89 195
7 90 196
7 91 231
7 92 302
7 93 330
7 94 387
7 95 463
7 96 513
7 97 538
7 98 62
7 99 106
7 100 152
8 1 138
8 2 183
8 3 206
8 4 149
8 5 208
8 6 232
8 7 232
8 8 0
8 9 70
8 10 75
8 11 141
8 12 234
8 13 265
8 14 204
8 15 293
8 16 386
8 17 322
8 18 405
8 19 106
8 20 195
8 21 254
8 22 56
8 23 141
8 24 165
8 25 259
8 26 203
8 27 206
8 28 259
8 29 239
8 30 275
8 31 151
8 32 165
8 33 230
8 34 243
8 35 315
8 36 123
8 37 207
8 38 224
8 39 235
8 40 333
8 41 403
8 42 335
8 43 211
8 44 246
8 45 251
8 46 221
8 47 256
8 48 260
8 49 268
8 50 311
8 51 330
8 52 355
8 53 401
8 54 264
8 55 92
8 56 115
8 57 202
8 58 225
8 59 240
8 60 268
8 61 202
8 62 280
8 63 292
8 64 240
8 65 321
8 66 403
8 67 433
8 68 216
8 69 304
8 70 270
8 71 346
8 72 350
8 73 410
8 74 372
8 75 382
8 76 468
8 77 239
8 78 248
8 79 330
8 80 424
8 81 80
8 82 152
8 83 236
8 84 277
8 85 357
8 86 337
8 87 322
8 88 129
8 89 171
8 90 172
8 91 207
8 92 278
8 93 306
8 94 363
8 95 439
8 96 489
8 97 514
8 98 38
8 99 82
8 100 128
9 1 299
9 2 331
9 3 142
9 4 238
9 5 297
9 6 321
9 7 255
9 8 279
9 9 0
9 10 5
9 11 71
9 12 164
9 13 195
9 14 204
9 15 293
9 16 386
9 17 380
9 18 463
9 19 255
9 20 192
9 21 251
9 22 262
9 23 212
9 24 236
9 25 330
9 26 274
9 27 277
9 28 330
9 29 310
9 30 346
9 31 357
9 32 310
9 33 375
9 34 341
9 35 413
9 36 329
9 37 413
9 38 366
9 39 377
9 40 475
9 41 545
9 42 541
9 43 271
9 44 306
9 45 311
9 46 268
9 47 303
9 48 307
9 49 315
9 50 358
9 51 377
9 52 285
9 53 331
9 54 335
9 55 303
9 56 326
9 57 405
9 58 164
9 59 179
9 60 207
9 61 132
9 62 210
9 63 237
9 64 287
9 65 368
9 66 450
9 67 480
9 68 146
9 69 234
9 70 288
9 71 364
9 72 280
9 73 340
9 74 302
9 75 312
9 76 398
9 77 310
9 78 319
9 79 401
9 80 495
9 81 286
9 82 358
9 83 442
9 84 483
9 85 563
9 86 282
9 87 252
9 88 59
9 89 135
9 90 219
9 91 254
9 92 325
9 93 353
9 94 410
9 95 486
9 96 536
9 97 561
9 98 317
9 99 361
9 100 407
10 1 316
10 2 348
10 3 137
10 4 233
10 5 292
10 6 316
10 7 250
10 8 274
10 9 17
10 10 0
10 11 66
10 12 159
10 13 190
10 14 199
10 15 288
10 16 381
10 17 397
10 18 480
10 19 250
10 20 209
10 21 268
10 22 279
10 23 229
10 24 253
10 25 347
10 26 291
10 27 294
10 28 347
10 29 327
10 30 363
10 31 374
10 32 327
10 33 392
10 34 358
10 35 430
10 36 346
10 37 430
10 38 383
10 39 394
10 40 492
10 41 562
10 42 558
10 43 288
10 44 323
10 45 328
10 46 285
10 47 320
10 48 324
10 49 332
10 50 375
10 51 394
10 52 302
10 53 348
10 54 352
10 55 298
10 56 321
10 57 408
10 58 181
10 59 196
10 60 224
10 61 149
10 62 227
10 63 254
10 64 304
10 65 385
10 66 467
10 67 497
10 68 163
10 69 251
10 70 288
10 71 364
10 72 297
10 73 357
10 74 319
10 75 329
10 76 415
10 77 327
10 78 336
10 79 418
10 80 512
10 81 303
10 82 375
10 83 459
10 84 500
10 85 580
10 86 299
10 87 269
10 88 76
10 89 152
10 90 236
10 91 271
10 92 342
10 93 370
10 94 427
10 95 503
10 96 553
10 97 578
10 98 312
10 99 356
10 100 402
11 1 252
11 2 297
11 3 71
11 4 167
11 5 226
11 6 250
11 7 184
11 8 208
11 9 278
11 10 283
11 11 0
11 12 93
11 13 124
11 14 133
11 15 222
11 16 315
11 17 337
11 18 420
11 19 184
11 20 273
11 21 332
11 22 253
11 23 330
11 24 354
11 25 448
11 26 392
11 27 339
11 28 392
11 29 428
11 30 464
11 31 343
11 32 357
11 33 422
11 34 336
11 35 408
11 36 320
11 37 404
11 38 378
11 39 389
11 40 487
11 41 557
11 42 532
11 43 352
11 44 387
11 45 392
11 46 348
11 47 332
11 48 336
11 49 344
11 50 387
11 51 406
11 52 297
11 53 343
11 54 440
11 55 232
11 56 255
11 57 342
11 58 375
11 59 390
11 60 418
11 61 343
11 62 163
11 63 190
11 64 282
11 65 363
11 66 445
11 67 475
11 68 357
11 69 407
11 70 222
11 71 298
11 72 233
11 73 293
11 74 388
11 75 398
11 76 484
11 77 397
11 78 341
11 79 423
11 80 517
11 81 277
11 82 349
11 83 433
11 84 474
11 85 554
11 86 235
11 87 264
11 88 270
11 89 253
11 90 312
11 91 347
11 92 418
11 93 446
11 94 503
11 95 579
11 96 629
11 97 654
11 98 246
11 99 290
11 100 336
12 1 159
12 2 204
12 3 68
12 4 164
12 5 223
12 6 247
12 7 91
12 8 115
12 9 185
12 10 190
12 11 256
12 12 0
12 13 31
12 14 98
12 15 187
12 16 280
12 17 302
12 18 385
12 19 91
12 20 180
12 21 239
12 22 171
12 23 256
12 24 280
12 25 374
12 26 318
12 27 304
12 28 357
12 29 354
12 30 390
12 31 250
12 32 264
12 33 329
12 34 243
12 35 315
12 36 238
12 37 322
12 38 285
12 39 296
12 40 394
12 41 464
12 42 450
12 43 259
12 44 294
12 45 299
12 46 255
12 47 239
12 48 243
12 49 251
12 50 294
12 51 313
12 52 204
12 53 250
12 54 347
12 55 139
12 56 162
12 57 249
12 58 282
12 59 297
12 60 325
12 61 250
12 62 70
12 63 97
12 64 189
12 65 270
12 66 352
12 67 382
12 68 264
12 69 314
12 70 129
12 71 205
12 72 140
12 73 200
12 74 295
12 75 305
12 76 391
12 77 304
12 78 248
12 79 330
12 80 424
12 81 195
12 82 267
12 83 351
12 84 392
12 85 472
12 86 142
12 87 171
12 88 177
12 89 218
12 90 219
12 91 254
12 92 325
12 93 353
12 94 410
12 95 486
12 96 536
12 97 561
12 98 153
12 99 197
12 100 243
13 1 222
13 2 267
13 3 290
13 4 165
13 5 224
13 6 248
13 7 284
13 8 308
13 9 326
13 10 309
13 11 375
13 12 468
13 13 0
13 14 67
13 15 156
13 16 249
13 17 271
13 18 354
13 19 60
13 20 149
13 21 208
13 22 187
13 23 264
13 24 288
13 25 382
13 26 326
13 27 273
13 28 326
13 29 362
13 30 398
13 31 282
13 32 296
13 33 361
13 34 310
13 35 382
13 36 254
13 37 338
13 38 355
13 39 366
13 40 464
13 41 534
13 42 466
13 43 228
13 44 263
13 45 268
13 46 237
13 47 272
13 48 276
13 49 284
13 50 327
13 51 346
13 52 398
13 53 444
13 54 387
13 55 108
13 56 131
13 57 218
13 58 255
13 59 270
13 60 298
13 61 307
13 62 385
13 63 412
13 64 256
13 65 337
13 66 419
13 67 449
13 68 421
13 69 347
13 70 322
13 71 398
13 72 414
13 73 474
13 74 415
13 75 425
13 76 511
13 77 362
13 78 371
13 79 453
13 80 547
13 81 211
13 82 283
13 83 367
13 84 408
13 85 488
13 86 457
13 87 365
13 88 334
13 89 187
13 90 188
13 91 223
13 92 294
13 93 322
13 94 379
13 95 455
13 96 505
13 97 530
13 98 122
13 99 166
13 100 212
14 1 458
14 2 460
14 3 431
14 4 379
14 5 438
14 6 462
14 7 296
14 8 320
14 9 289
14 10 294
14 11 360
14 12 453
14 13 484
14 14 0
14 15 89
14 16 182
14 17 204
14 18 287
14 19 370
14 20 177
14 21 236
14 22 120
14 23 197
14 24 221
14 25 315
14 26 259
14 27 206
14 28 259
14 29 295
14 30 331
14 31 215
14 32 229
14 33 294
14 34 307
14 35 379
14 36 187
14 37 271
14 38 288
14 39 299
14 40 397
14 41 467
14 42 399
14 43 256
14 44 291
14 45 296
14 46 253
14 47 288
14 48 292
14 49 300
14 50 343
14 51 362
14 52 414
14 53 460
14 54 320
14 55 322
14 56 345
14 57 280
14 58 281
14 59 296
14 60 324
14 61 333
14 62 398
14 63 356
14 64 272
14 65 353
14 66 435
14 67 465
14 68 435
14 69 363
14 70 334
14 71 410
14 72 426
14 73 486
14 74 431
14 75 441
14 76 527
14 77 295
14 78 304
14 79 386
14 80 480
14 81 144
14 82 216
14 83 300
14 84 341
14 85 421
14 86 401
14 87 381
14 88 348
14 89 120
14 90 204
14 91 239
14 92 310
14 93 338
14 94 395
14 95 471
14 96 521
14 97 546
14 98 358
14 99 402
14 100 448
15 1 369
15 2 371
15 3 342
15 4 290
15 5 349
15 6 373
15 7 207
15 8 231
15 9 200
15 10 205
15 11 271
15 12 364
15 13 395
15 14 171
15 15 0
15 16 93
15 17 115
15 18 198
15 19 281
15 20 88
15 21 147
15 22 31
15 23 108
15 24 132
15 25 226
15 26 170
15 27 117
15 28 170
15 29 206
15 30 242
15 31 126
15 32 140
15 33 205
15 34 218
15 35 290
15 36 98
15 37 182
15 38 199
15 39 210
15 40 308
15 41 378
15 42 310
15 43 167
15 44 202
15 45 207
15 46 164
15 47 199
15 48 203
15 49 211
15 50 254
15 51 273
15 52 325
15 53 371
15 54 231
15 55 233
15 56 256
15 57 191
15 58 192
15 59 207
15 60 235
15 61 244
15 62 309
15 63 267
15 64 183
15 65 264
15 66 346
15 67 376
15 68 346
15 69 274
15 70 245
15 71 321
15 72 337
15 73 397
15 74 342
15 75 352
15 76 438
15 77 206
15 78 215
15 79 297
15 80 391
15 81 55
15 82 127
15 83 211
15 84 252
15 85 332
15 86 312
15 87 292
15 88 259
15 89 31
15 90 115
15 91 150
15 92 221
15 93 249
15 94 306
15 95 382
15 96 432
15 97 457
15 98 269
15 99 313
15 100 359
16 1 286
16 2 331
16 3 354
16 4 293
16 5 352
16 6 376
16 7 124
16 8 148
16 9 218
16 10 223
16 11 289
16 12 382
16 13 413
16 14 281
16 15 370
16 16 0
16 17 22
16 18 105
16 19 188
16 20 249
16 21 308
16 22 133
16 23 218
16 24 242
16 25 336
16 26 280
16 27 24
16 28 77
16 29 139
16 30 175
16 31 228
16 32 57
16 33 122
16 34 135
16 35 207
16 36 200
16 37 284
16 38 301
16 39 312
16 40 410
16 41 480
16 42 412
16 43 288
16 44 323
16 45 328
16 46 147
16 47 182
16 48 186
16 49 194
16 50 237
16 51 256
16 52 308
16 53 354
16 54 341
16 55 236
16 56 259
16 57 98
16 58 135
16 59 150
16 60 178
16 61 187
16 62 265
16 63 292
16 64 384
16 65 465
16 66 547
16 67 577
16 68 331
16 69 257
16 70 162
16 71 238
16 72 254
16 73 314
16 74 325
16 75 335
16 76 421
16 77 316
16 78 325
16 79 407
16 80 501
16 81 157
16 82 229
16 83 313
16 84 354
16 85 434
16 86 337
16 87 275
16 88 244
16 89 244
16 90 316
16 91 351
16 92 422
16 93 439
16 94 496
16 95 572
16 96 622
16 97 647
16 98 186
16 99 230
16 100 276
17 1 328
17 2 373
17 3 396
17 4 271
17 5 330
17 6 354
17 7 287
17 8 311
17 9 288
17 10 293
17 11 359
17 12 452
17 13 483
17 14 259
17 15 348
17 16 441
17 17 0
17 18 83
17 19 166
17 20 255
17 21 314
17 22 111
17 23 196
17 24 220
17 25 314
17 26 258
17 27 261
17 28 314
17 29 294
17 30 330
17 31 206
17 32 220
17 33 285
17 34 298
17 35 370
17 36 178
17 37 262
17 38 279
17 39 290
17 40 388
17 41 458
17 42 390
17 43 266
17 44 301
17 45 306
17 46 310
17 47 345
17 48 349
17 49 357
17 50 400
17 51 419
17 52 377
17 53 423
17 54 319
17 55 214
17 56 237
17 57 76
17 58 113
17 59 128
17 60 156
17 61 165
17 62 243
17 63 270
17 64 362
17 65 443
17 66 525
17 67 555
17 68 434
17 69 420
17 70 325
17 71 401
17 72 313
17 73 373
17 74 468
17 75 478
17 76 564
17 77 294
17 78 303
17 79 385
17 80 479
17 81 135
17 82 207
17 83 291
17 84 332
17 85 412
17 86 315
17 87 344
17 88 347
17 89 226
17 90 294
17 91 329
17 92 400
17 93 417
17 94 474
17 95 550
17 96 600
17 97 625
17 98 228
17 99 272
17 100 318
18 1 245
18 2 290
18 3 313
18 4 188
18 5 247
18 6 271
18 7 204
18 8 228
18 9 205
18 10 210
18 11 276
18 12 369
18 13 400
18 14 176
18 15 265
18 16 358
18 17 294
18 18 0
18 19 83
18 20 172
18 21 231
18 22 28
18 23 113
18 24 137
18 25 231
18 26 175
18 27 178
18 28 231
18 29 211
18 30 247
18 31 123
18 32 137
18 33 202
18 34 215
18 35 287
18 36 95
18 37 179
18 38 196
18 39 207
18 40 305
18 41 375
18 42 307
18 43 183
18 44 218
18 45 223
18 46 227
18 47 262
18 48 266
18 49 274
18 50 317
18 51 336
18 52 371
18 53 417
18 54 236
18 55 131
18 56 154
18 57 241
18 58 197
18 59 212
18 60 240
18 61 249
18 62 306
18 63 264
18 64 279
18 65 360
18 66 442
18 67 472
18 68 351
18 69 337
18 70 242
18 71 318
18 72 334
18 73 394
18 74 405
18 75 415
18 76 501
18 77 211
18 78 220
18 79 302
18 80 396
18 81 52
18 82 124
18 83 208
18 84 249
18 85 329
18 86 309
18 87 338
18 88 264
18 89 143
18 90 211
18 91 246
18 92 317
18 93 334
18 94 391
18 95 467
18 96 517
18 97 542
18 98 145
18 99 189
18 100 235
19 1 162
19 2 207
19 3 230
19 4 105
19 5 164
19 6 188
19 7 224
19 8 248
19 9 266
19 10 249
19 11 315
19 12 408
19 13 439
19 14 292
19 15 381
19 16 474
19 17 279
19 18 362
19 19 0
19 20 89
19 21 148
19 22 159
19 23 244
19 24 268
19 25 362
19 26 306
19 27 309
19 28 362
19 29 342
19 30 378
19 31 253
19 32 267
19 33 332
19 34 250
19 35 322
19 36 226
19 37 310
19 38 327
19 39 338
19 40 436
19 41 506
19 42 438
19 43 168
19 44 203
19 45 208
19 46 177
19 47 212
19 48 216
19 49 224
19 50 267
19 51 286
19 52 338
19 53 384
19 54 367
19 55 48
19 56 71
19 57 158
19 58 195
19 59 210
19 60 238
19 61 247
19 62 325
19 63 352
19 64 196
19 65 277
19 66 359
19 67 389
19 68 361
19 69 287
19 70 262
19 71 338
19 72 354
19 73 414
19 74 355
19 75 365
19 76 451
19 77 342
19 78 351
19 79 433
19 80 527
19 81 183
19 82 255
19 83 339
19 84 380
19 85 460
19 86 397
19 87 305
19 88 274
19 89 274
19 90 128
19 91 163
19 92 234
19 93 262
19 94 319
19 95 395
19 96 445
19 97 470
19 98 62
19 99 106
19 100 152
20 1 297
20 2 342
20 3 365
20 4 202
20 5 261
20 6 285
20 7 135
20 8 159
20 9 229
20 10 234
20 11 300
20 12 393
20 13 424
20 14 218
20 15 307
20 16 400
20 17 190
20 18 273
20 19 265
20 20 0
20 21 59
20 22 70
20 23 155
20 24 179
20 25 273
20 26 217
20 27 220
20 28 273
20 29 253
20 30 289
20 31 165
20 32 179
20 33 244
20 34 257
20 35 329
20 36 137
20 37 221
20 38 238
20 39 249
20 40 347
20 41 417
20 42 349
20 43 79
20 44 114
20 45 119
20 46 170
20 47 205
20 48 209
20 49 217
20 50 260
20 51 279
20 52 331
20 53 377
20 54 278
20 55 145
20 56 168
20 57 255
20 58 239
20 59 254
20 60 282
20 61 291
20 62 348
20 63 306
20 64 213
20 65 294
20 66 376
20 67 406
20 68 354
20 69 280
20 70 173
20 71 249
20 72 265
20 73 325
20 74 348
20 75 358
20 76 444
20 77 253
20 78 262
20 79 344
20 80 438
20 81 94
20 82 166
20 83 250
20 84 291
20 85 371
20 86 351
20 87 298
20 88 267
20 89 185
20 90 145
20 91 180
20 92 251
20 93 279
20 94 336
20 95 412
20 96 462
20 97 487
20 98 197
20 99 241
20 100 287
21 1 238
21 2 283
21 3 306
21 4 143
21 5 202
21 6 226
21 7 76
21 8 100
21 9 170
21 10 175
21 11 241
21 12 334
21 13 365
21 14 159
21 15 248
21 16 341
21 17 131
21 18 214
21 19 206
21 20 183
21 21 0
21 22 11
21 23 96
21 24 120
21 25 214
21 26 158
21 27 161
21 28 214
21 29 194
21 30 230
21 31 106
21 32 120
21 33 185
21 34 198
21 35 270
21 36 78
21 37 162
21 38 179
21 39 190
21 40 288
21 41 358
21 42 290
21 43 20
21 44 55
21 45 60
21 46 111
21 47 146
21 48 150
21 49 158
21 50 201
21 51 220
21 52 272
21 53 318
21 54 219
21 55 86
21 56 109
21 57 196
21 58 180
21 59 195
21 60 223
21 61 232
21 62 289
21 63 247
21 64 154
21 65 235
21 66 317
21 67 347
21 68 295
21 69 221
21 70 114
21 71 190
21 72 206
21 73 266
21 74 289
21 75 299
21 76 385
21 77 194
21 78 203
21 79 285
21 80 379
21 81 35
21 82 107
21 83 191
21 84 232
21 85 312
21 86 292
21 87 239
21 88 208
21 89 126
21 90 86
21 91 121
21 92 192
21 93 220
21 94 277
21 95 353
21 96 403
21 97 428
21 98 138
21 99 182
21 100 228
22 1 338
22 2 383
22 3 319
22 4 278
22 5 337
22 6 361
22 7 176
22 8 200
22 9 177
22 10 182
22 11 248
22 12 341
22 13 372
22 14 148
22 15 237
22 16 330
22 17 266
22 18 349
22 19 306
22 20 172
22 21 231
22 22 0
22 23 85
22 24 109
22 25 203
22 26 147
22 27 150
22 28 203
22 29 183
22 30 219
22 31 95
22 32 109
22 33 174
22 34 187
22 35 259
22 36 67
22 37 151
22 38 168
22 39 179
22 40 277
22 41 347
22 42 279
22 43 155
22 44 190
22 45 195
22 46 199
22 47 234
22 48 238
22 49 246
22 50 289
22 51 308
22 52 343
22 53 389
22 54 208
22 55 221
22 56 244
22 57 331
22 58 169
22 59 184
22 60 212
22 61 221
22 62 278
22 63 236
22 64 267
22 65 348
22 66 430
22 67 460
22 68 323
22 69 309
22 70 214
22 71 290
22 72 306
22 73 366
22 74 377
22 75 387
22 76 473
22 77 183
22 78 192
22 79 274
22 80 368
22 81 24
22 82 96
22 83 180
22 84 221
22 85 301
22 86 281
22 87 310
22 88 236
22 89 115
22 90 199
22 91 234
22 92 305
22 93 306
22 94 363
22 95 439
22 96 489
22 97 514
22 98 238
22 99 282
22 100 328
23 1 288
23 2 333
23 3 234
23 4 193
23 5 252
23 6 276
23 7 126
23 8 150
23 9 92
23 10 97
23 11 163
23 12 256
23 13 287
23 14 63
23 15 152
23 16 245
23 17 181
23 18 264
23 19 256
23 20 240
23 21 172
23 22 176
23 23 0
23 24 24
23 25 118
23 26 62
23 27 65
23 28 118
23 29 98
23 30 134
23 31 211
23 32 98
23 33 163
23 34 176
23 35 248
23 36 243
23 37 327
23 38 344
23 39 355
23 40 453
23 41 523
23 42 455
23 43 70
23 44 105
23 45 110
23 46 161
23 47 196
23 48 200
23 49 208
23 50 251
23 51 270
23 52 322
23 53 368
23 54 123
23 55 136
23 56 159
23 57 246
23 58 84
23 59 99
23 60 127
23 61 136
23 62 214
23 63 241
23 64 204
23 65 285
23 66 367
23 67 397
23 68 238
23 69 271
23 70 164
23 71 240
23 72 256
23 73 316
23 74 332
23 75 342
23 76 428
23 77 98
23 78 107
23 79 189
23 80 283
23 81 200
23 82 272
23 83 356
23 84 397
23 85 477
23 86 286
23 87 289
23 88 151
23 89 183
23 90 136
23 91 171
23 92 242
23 93 221
23 94 278
23 95 354
23 96 404
23 97 429
23 98 188
23 99 232
23 100 278
24 1 367
24 2 399
24 3 210
24 4 306
24 5 365
24 6 389
24 7 276
24 8 300
24 9 68
24 10 73
24 11 139
24 12 232
24 13 263
24 14 272
24 15 361
24 16 454
24 17 414
24 18 497
24 19 323
24 20 260
24 21 283
24 22 287
24 23 280
24 24 0
24 25 94
24 26 173
24 27 176
24 28 229
24 29 209
24 30 245
24 31 322
24 32 209
24 33 274
24 34 287
24 35 359
24 36 354
24 37 438
24 38 434
24 39 445
24 40 543
24 41 613
24 42 566
24 43 303
24 44 338
24 45 343
24 46 299
24 47 334
24 48 338
24 49 346
24 50 389
24 51 408
24 52 353
24 53 399
24 54 234
24 55 307
24 56 330
24 57 417
24 58 195
24 59 210
24 60 238
24 61 200
24 62 278
24 63 305
24 64 355
24 65 436
24 66 518
24 67 548
24 68 214
24 69 302
24 70 314
24 71 390
24 72 348
24 73 408
24 74 370
24 75 380
24 76 466
24 77 209
24 78 218
24 79 300
24 80 394
24 81 311
24 82 383
24 83 467
24 84 508
24 85 588
24 86 350
24 87 320
24 88 127
24 89 203
24 90 287
24 91 322
24 92 393
24 93 332
24 94 389
24 95 465
24 96 515
24 97 540
24 98 338
24 99 382
24 100 428
25 1 320
25 2 365
25 3 388
25 4 270
25 5 329
25 6 353
25 7 182
25 8 206
25 9 276
25 10 281
25 11 347
25 12 440
25 13 471
25 14 251
25 15 340
25 16 433
25 17 320
25 18 403
25 19 312
25 20 307
25 21 189
25 22 193
25 23 188
25 24 212
25 25 0
25 26 79
25 27 82
25 28 135
25 29 115
25 30 151
25 31 228
25 32 115
25 33 180
25 34 193
25 35 265
25 36 260
25 37 344
25 38 361
25 39 372
25 40 470
25 41 540
25 42 472
25 43 209
25 44 244
25 45 249
25 46 205
25 47 240
25 48 244
25 49 252
25 50 295
25 51 314
25 52 365
25 53 411
25 54 140
25 55 213
25 56 236
25 57 323
25 58 101
25 59 116
25 60 144
25 61 153
25 62 231
25 63 258
25 64 343
25 65 424
25 66 506
25 67 536
25 68 389
25 69 315
25 70 220
25 71 296
25 72 301
25 73 361
25 74 349
25 75 359
25 76 445
25 77 115
25 78 124
25 79 206
25 80 300
25 81 217
25 82 289
25 83 373
25 84 414
25 85 494
25 86 303
25 87 332
25 88 302
25 89 302
25 90 275
25 91 310
25 92 381
25 93 238
25 94 295
25 95 371
25 96 421
25 97 446
25 98 244
25 99 288
25 100 334
26 1 241
26 2 286
26 3 309
26 4 191
26 5 250
26 6 274
26 7 103
26 8 127
26 9 197
26 10 202
26 11 268
26 12 361
26 13 392
26 14 172
26 15 261
26 16 354
26 17 241
26 18 324
26 19 233
26 20 228
26 21 110
26 22 114
26 23 109
26 24 133
26 25 227
26 26 0
26 27 3
26 28 56
26 29 36
26 30 72
26 31 149
26 32 36
26 33 101
26 34 114
26 35 186
26 36 181
26 37 265
26 38 282
26 39 293
26 40 391
26 41 461
26 42 393
26 43 130
26 44 165
26 45 170
26 46 126
26 47 161
26 48 165
26 49 173
26 50 216
26 51 235
26 52 286
26 53 332
26 54 61
26 55 134
26 56 157
26 57 244
26 58 22
26 59 37
26 60 65
26 61 74
26 62 152
26 63 179
26 64 264
26 65 345
26 66 427
26 67 457
26 68 310
26 69 236
26 70 141
26 71 217
26 72 222
26 73 282
26 74 270
26 75 280
26 76 366
26 77 36
26 78 45
26 79 127
26 80 221
26 81 138
26 82 210
26 83 294
26 84 335
26 85 415
26 86 224
26 87 253
26 88 223
26 89 223
26 90 196
26 91 231
26 92 302
26 93 159
26 94 216
26 95 292
26 96 342
26 97 367
26 98 165
26 99 209
26 100 255
27 1 262
27 2 307
27 3 330
27 4 273
27 5 332
27 6 356
27 7 100
27 8 124
27 9 194
27 10 199
27 11 265
27 12 358
27 13 389
27 14 328
27 15 417
27 16 510
27 17 415
27 18 498
27 19 230
27 20 225
27 21 284
27 22 180
27 23 265
27 24 289
27 25 383
27 26 327
27 27 0
27 28 53
27 29 115
27 30 151
27 31 228
27 32 33
27 33 98
27 34 111
27 35 183
27 36 227
27 37 311
27 38 328
27 39 339
27 40 437
27 41 507
27 42 459
27 43 304
27 44 339
27 45 344
27 46 123
27 47 158
27 48 162
27 49 170
27 50 213
27 51 232
27 52 284
27 53 330
27 54 388
27 55 216
27 56 239
27 57 274
27 58 311
27 59 326
27 60 354
27 61 293
27 62 371
27 63 396
27 64 364
27 65 445
27 66 527
27 67 557
27 68 307
27 69 233
27 70 138
27 71 214
27 72 230
27 73 290
27 74 301
27 75 311
27 76 397
27 77 313
27 78 322
27 79 404
27 80 498
27 81 204
27 82 276
27 83 360
27 84 401
27 85 481
27 86 441
27 87 251
27 88 220
27 89 220
27 90 296
27 91 331
27 92 402
27 93 430
27 94 487
27 95 563
27 96 613
27 97 638
27 98 162
27 99 206
27 100 252
28 1 418
28 2 463
28 3 486
28 4 429
28 5 488
28 6 512
28 7 256
28 8 280
28 9 350
28 10 355
28 11 421
28 12 514
28 13 545
28 14 484
28 15 573
28 16 666
28 17 571
28 18 654
28 19 386
28 20 381
28 21 440
28 22 336
28 23 421
28 24 445
28 25 539
28 26 483
28 27 486
28 28 0
28 29 62
28 30 98
28 31 175
28 32 189
28 33 254
28 34 267
28 35 339
28 36 383
28 37 467
28 38 484
28 39 495
28 40 593
28 41 663
28 42 615
28 43 460
28 44 495
28 45 500
28 46 279
28 47 314
28 48 318
28 49 326
28 50 369
28 51 388
28 52 440
28 53 486
28 54 544
28 55 372
28 56 395
28 57 430
28 58 467
28 59 482
28 60 510
28 61 449
28 62 527
28 63 552
28 64 520
28 65 601
28 66 683
28 67 713
28 68 463
28 69 389
28 70 294
28 71 370
28 72 386
28 73 446
28 74 457
28 75 467
28 76 553
28 77 469
28 78 478
28 79 560
28 80 654
28 81 360
28 82 432
28 83 516
28 84 557
28 85 637
28 86 597
28 87 407
28 88 376
28 89 376
28 90 452
28 91 487
28 92 558
28 93 586
28 94 643
28 95 719
28 96 769
28 97 794
28 98 318
28 99 362
28 100 408
29 1 356
29 2 401
29 3 424
29 4 367
29 5 426
29 6 450
29 7 194
29 8 218
29 9 288
29 10 293
29 11 359
29 12 452
29 13 483
29 14 422
29 15 511
29 16 604
29 17 509
29 18 592
29 19 324
29 20 319
29 21 378
29 22 274
29 23 359
29 24 383
29 25 477
29 26 421
29 27 424
29 28 477
29 29 0
29 30 36
29 31 113
29 32 127
29 33 192
29 34 205
29 35 277
29 36 321
29 37 405
29 38 422
29 39 433
29 40 531
29 41 601
29 42 553
29 43 398
29 44 433
29 45 438
29 46 217
29 47 252
29 48 256
29 49 264
29 50 307
29 51 326
29 52 378
29 53 424
29 54 482
29 55 310
29 56 333
29 57 368
29 58 405
29 59 420
29 60 448
29 61 387
29 62 465
29 63 490
29 64 458
29 65 539
29 66 621
29 67 651
29 68 401
29 69 327
29 70 232
29 71 308
29 72 324
29 73 384
29 74 395
29 75 405
29 76 491
29 77 407
29 78 416
29 79 498
29 80 592
29 81 298
29 82 370
29 83 454
29 84 495
29 85 575
29 86 535
29 87 345
29 88 314
29 89 314
29 90 390
29 91 425
29 92 496
29 93 524
29 94 581
29 95 657
29 96 707
29 97 732
29 98 256
29 99 300
29 100 346
30 1 320
30 2 365
30 3 388
30 4 331
30 5 390
30 6 414
30 7 158
30 8 182
30 9 252
30 10 257
30 11 323
30 12 416
30 13 447
30 14 386
30 15 475
30 16 568
30 17 473
30 18 556
30 19 288
30 20 283
30 21 342
30 22 238
30 23 323
30 24 347
30 25 441
30 26 385
30 27 388
30 28 441
30 29 421
30 30 0
30 31 77
30 32 91
30 33 156
30 34 169
30 35 241
30 36 285
30 37 369
30 38 386
30 39 397
30 40 495
30 41 565
30 42 517
30 43 362
30 44 397
30 45 402
30 46 181
30 47 216
30 48 220
30 49 228
30 50 271
30 51 290
30 52 342
30 53 388
30 54 446
30 55 274
30 56 297
30 57 332
30 58 369
30 59 384
30 60 412
30 61 351
30 62 429
30 63 454
30 64 422
30 65 503
30 66 585
30 67 615
30 68 365
30 69 291
30 70 196
30 71 272
30 72 288
30 73 348
30 74 359
30 75 369
30 76 455
30 77 371
30 78 380
30 79 462
30 80 556
30 81 262
30 82 334
30 83 418
30 84 459
30 85 539
30 86 499
30 87 309
30 88 278
30 89 278
30 90 354
30 91 389
30 92 460
30 93 488
30 94 545
30 95 621
30 96 671
30 97 696
30 98 220
30 99 264
30 100 310
31 1 243
31 2 288
31 3 311
31 4 254
31 5 313
31 6 337
31 7 81
31 8 105
31 9 175
31 10 180
31 11 246
31 12 339
31 13 370
31 14 309
31 15 398
31 16 491
31 17 396
31 18 479
31 19 211
31 20 206
31 21 265
31 22 161
31 23 246
31 24 270
31 25 364
31 26 308
31 27 311
31 28 364
31 29 344
31 30 380
31 31 0
31 32 14
31 33 79
31 34 92
31 35 164
31 36 208
31 37 292
31 38 309
31 39 320
31 40 418
31 41 488
31 42 440
31 43 285
31 44 320
31 45 325
31 46 104
31 47 139
31 48 143
31 49 151
31 50 194
31 51 213
31 52 265
31 53 311
31 54 369
31 55 197
31 56 220
31 57 255
31 58 292
31 59 307
31 60 335
31 61 274
31 62 352
31 63 377
31 64 345
31 65 426
31 66 508
31 67 538
31 68 288
31 69 214
31 70 119
31 71 195
31 72 211
31 73 271
31 74 282
31 75 292
31 76 378
31 77 294
31 78 303
31 79 385
31 80 479
31 81 185
31 82 257
31 83 341
31 84 382
31 85 462
31 86 422
31 87 232
31 88 201
31 89 201
31 90 277
31 91 312
31 92 383
31 93 411
31 94 468
31 95 544
31 96 594
31 97 619
31 98 143
31 99 187
31 100 233
32 1 229
32 2 274
32 3 297
32 4 240
32 5 299
32 6 323
32 7 67
32 8 91
32 9 161
32 10 166
32 11 232
32 12 325
32 13 356
32 14 295
32 15 384
32 16 477
32 17 382
32 18 465
32 19 197
32 20 192
32 21 251
32 22 147
32 23 232
32 24 256
32 25 350
32 26 294
32 27 297
32 28 350
32 29 330
32 30 366
32 31 242
32 32 0
32 33 65
32 34 78
32 35 150
32 36 194
32 37 278
32 38 295
32 39 306
32 40 404
32 41 474
32 42 426
32 43 271
32 44 306
32 45 311
32 46 90
32 47 125
32 48 129
32 49 137
32 50 180
32 51 199
32 52 251
32 53 297
32 54 355
32 55 183
32 56 206
32 57 241
32 58 278
32 59 293
32 60 321
32 61 260
32 62 338
32 63 363
32 64 331
32 65 412
32 66 494
32 67 524
32 68 274
32 69 200
32 70 105
32 71 181
32 72 197
32 73 257
32 74 268
32 75 278
32 76 364
32 77 280
32 78 289
32 79 371
32 80 465
32 81 171
32 82 243
32 83 327
32 84 368
32 85 448
32 86 408
32 87 218
32 88 187
32 89 187
32 90 263
32 91 298
32 92 369
32 93 397
32 94 454
32 95 530
32 96 580
32 97 605
32 98 129
32 99 173
32 100 219
33 1 362
33 2 232
33 3 255
33 4 329
33 5 388
33 6 412
33 7 262
33 8 286
33 9 291
33 10 296
33 11 362
33 12 455
33 13 486
33 14 262
33 15 351
33 16 444
33 17 317
33 18 400
33 19 381
33 20 127
33 21 186
33 22 197
33 23 199
33 24 223
33 25 317
33 26 261
33 27 264
33 28 317
33 29 297
33 30 333
33 31 278
33 32 292
33 33 0
33 34 13
33 35 85
33 36 129
33 37 213
33 38 230
33 39 241
33 40 339
33 41 409
33 42 476
33 43 206
33 44 241
33 45 246
33 46 25
33 47 60
33 48 64
33 49 72
33 50 115
33 51 134
33 52 186
33 53 232
33 54 322
33 55 272
33 56 295
33 57 325
33 58 227
33 59 242
33 60 270
33 61 195
33 62 273
33 63 298
33 64 274
33 65 355
33 66 437
33 67 467
33 68 209
33 69 135
33 70 189
33 71 265
33 72 281
33 73 341
33 74 203
33 75 213
33 76 299
33 77 230
33 78 230
33 79 312
33 80 406
33 81 221
33 82 293
33 83 377
33 84 418
33 85 498
33 86 343
33 87 153
33 88 122
33 89 122
33 90 206
33 91 241
33 92 312
33 93 340
33 94 397
33 95 473
33 96 523
33 97 548
33 98 313
33 99 357
33 100 403
34 1 349
34 2 219
34 3 242
34 4 316
34 5 375
34 6 399
34 7 249
34 8 273
34 9 278
34 10 283
34 11 349
34 12 442
34 13 473
34 14 249
34 15 338
34 16 431
34 17 304
34 18 387
34 19 368
34 20 114
34 21 173
34 22 184
34 23 186
34 24 210
34 25 304
34 26 248
34 27 251
34 28 304
34 29 284
34 30 320
34 31 265
34 32 279
34 33 344
34 34 0
34 35 72
34 36 116
34 37 200
34 38 217
34 39 228
34 40 326
34 41 396
34 42 463
34 43 193
34 44 228
34 45 233
34 46 12
34 47 47
34 48 51
34 49 59
34 50 102
34 51 121
34 52 173
34 53 219
34 54 309
34 55 259
34 56 282
34 57 312
34 58 214
34 59 229
34 60 257
34 61 182
34 62 260
34 63 285
34 64 261
34 65 342
34 66 424
34 67 454
34 68 196
34 69 122
34 70 176
34 71 252
34 72 268
34 73 328
34 74 190
34 75 200
34 76 286
34 77 217
34 78 217
34 79 299
34 80 393
34 81 208
34 82 280
34 83 364
34 84 405
34 85 485
34 86 330
34 87 140
34 88 109
34 89 109
34 90 193
34 91 228
34 92 299
34 93 327
34 94 384
34 95 460
34 96 510
34 97 535
34 98 300
34 99 344
34 100 390
35 1 344
35 2 389
35 3 412
35 4 318
35 5 377
35 6 401
35 7 355
35 8 379
35 9 332
35 10 337
35 11 403
35 12 496
35 13 527
35 14 303
35 15 392
35 16 485
35 17 408
35 18 491
35 19 485
35 20 220
35 21 279
35 22 290
35 23 240
35 24 264
35 25 358
35 26 302
35 27 305
35 28 358
35 29 338
35 30 374
35 31 385
35 32 338
35 33 403
35 34 359
35 35 0
35 36 44
35 37 128
35 38 145
35 39 156
35 40 254
35 41 324
35 42 404
35 43 299
35 44 334
35 45 339
35 46 296
35 47 331
35 48 335
35 49 343
35 50 386
35 51 405
35 52 320
35 53 366
35 54 363
35 55 261
35 56 284
35 57 371
35 58 324
35 59 339
35 60 367
35 61 376
35 62 255
35 63 213
35 64 305
35 65 386
35 66 468
35 67 498
35 68 398
35 69 406
35 70 393
35 71 469
35 72 325
35 73 385
35 74 474
35 75 484
35 76 570
35 77 338
35 78 347
35 79 429
35 80 523
35 81 314
35 82 386
35 83 470
35 84 511
35 85 591
35 86 258
35 87 287
35 88 311
35 89 163
35 90 247
35 91 282
35 92 353
35 93 381
35 94 438
35 95 514
35 96 564
35 97 589
35 98 417
35 99 461
35 100 507
36 1 300
36 2 345
36 3 368
36 4 274
36 5 333
36 6 357
36 7 311
36 8 335
36 9 288
36 10 293
36 11 359
36 12 452
36 13 483
36 14 259
36 15 348
36 16 441
36 17 364
36 18 447
36 19 441
36 20 176
36 21 235
36 22 246
36 23 196
36 24 220
36 25 314
36 26 258
36 27 261
36 28 314
36 29 294
36 30 330
36 31 341
36 32 294
36 33 359
36 34 315
36 35 387
36 36 0
36 37 84
36 38 101
36 39 112
36 40 210
36 41 280
36 42 360
36 43 255
36 44 290
36 45 295
36 46 252
36 47 287
36 48 291
36 49 299
36 50 342
36 51 361
36 52 276
36 53 322
36 54 319
36 55 217
36 56 240
36 57 327
36 58 280
36 59 295
36 60 323
36 61 332
36 62 211
36 63 169
36 64 261
36 65 342
36 66 424
36 67 454
36 68 354
36 69 362
36 70 349
36 71 425
36 72 281
36 73 341
36 74 430
36 75 440
36 76 526
36 77 294
36 78 303
36 79 385
36 80 479
36 81 270
36 82 342
36 83 426
36 84 467
36 85 547
36 86 214
36 87 243
36 88 267
36 89 119
36 90 203
36 91 238
36 92 309
36 93 337
36 94 394
36 95 470
36 96 520
36 97 545
36 98 373
36 99 417
36 100 463
37 1 216
37 2 261
37 3 284
37 4 190
37 5 249
37 6 273
37 7 227
37 8 251
37 9 204
37 10 209
37 11 275
37 12 368
37 13 399
37 14 175
37 15 264
37 16 357
37 17 280
37 18 363
37 19 357
37 20 92
37 21 151
37 22 162
37 23 112
37 24 136
37 25 230
37 26 174
37 27 177
37 28 230
37 29 210
37 30 246
37 31 257
37 32 210
37 33 275
37 34 231
37 35 303
37 36 229
37 37 0
37 38 17
37 39 28
37 40 126
37 41 196
37 42 276
37 43 171
37 44 206
37 45 211
37 46 168
37 47 203
37 48 207
37 49 215
37 50 258
37 51 277
37 52 192
37 53 238
37 54 235
37 55 133
37 56 156
37 57 243
37 58 196
37 59 211
37 60 239
37 61 248
37 62 127
37 63 85
37 64 177
37 65 258
37 66 340
37 67 370
37 68 270
37 69 278
37 70 265
37 71 341
37 72 197
37 73 257
37 74 346
37 75 356
37 76 442
37 77 210
37 78 219
37 79 301
37 80 395
37 81 186
37 82 258
37 83 342
37 84 383
37 85 463
37 86 130
37 87 159
37 88 183
37 89 35
37 90 119
37 91 154
37 92 225
37 93 253
37 94 310
37 95 386
37 96 436
37 97 461
37 98 289
37 99 333
37 100 379
38 1 199
38 2 244
38 3 267
38 4 173
38 5 232
38 6 256
38 7 210
38 8 234
38 9 187
38 10 192
38 11 258
38 12 351
38 13 382
38 14 158
38 15 247
38 16 340
38 17 263
38 18 346
38 19 340
38 20 75
38 21 134
38 22 145
38 23 95
38 24 119
38 25 213
38 26 157
38 27 160
38 28 213
38 29 193
38 30 229
38 31 240
38 32 193
38 33 258
38 34 214
38 35 286
38 36 212
38 37 296
38 38 0
38 39 11
38 40 109
38 41 179
38 42 259
38 43 154
38 44 189
38 45 194
38 46 151
38 47 186
38 48 190
38 49 198
38 50 241
38 51 260
38 52 175
38 53 221
38 54 218
38 55 116
38 56 139
38 57 226
38 58 179
38 59 194
38 60 222
38 61 231
38 62 110
38 63 68
38 64 160
38 65 241
38 66 323
38 67 353
38 68 253
38 69 261
38 70 248
38 71 324
38 72 180
38 73 240
38 74 329
38 75 339
38 76 425
38 77 193
38 78 202
38 79 284
38 80 378
38 81 169
38 82 241
38 83 325
38 84 366
38 85 446
38 86 113
38 87 142
38 88 166
38 89 18
38 90 102
38 91 137
38 92 208
38 93 236
38 94 293
38 95 369
38 96 419
38 97 444
38 98 272
38 99 316
38 100 362
39 1 188
39 2 233
39 3 256
39 4 162
39 5 221
39 6 245
39 7 323
39 8 238
39 9 308
39 10 306
39 11 372
39 12 465
39 13 496
39 14 318
39 15 407
39 16 500
39 17 346
39 18 429
39 19 344
39 20 266
39 21 325
39 22 294
39 23 272
39 24 296
39 25 390
39 26 334
39 27 337
39 28 390
39 29 370
39 30 406
39 31 249
39 32 263
39 33 328
39 34 203
39 35 275
39 36 319
39 37 403
39 38 245
39 39 0
39 40 98
39 41 168
39 42 248
39 43 309
39 44 344
39 45 349
39 46 215
39 47 199
39 48 203
39 49 211
39 50 254
39 51 273
39 52 164
39 53 210
39 54 307
39 55 105
39 56 128
39 57 215
39 58 252
39 59 267
39 60 295
39 61 228
39 62 99
39 63 57
39 64 149
39 65 230
39 66 312
39 67 342
39 68 242
39 69 274
39 70 328
39 71 404
39 72 169
39 73 229
39 74 324
39 75 334
39 76 420
39 77 351
39 78 208
39 79 290
39 80 384
39 81 178
39 82 250
39 83 334
39 84 375
39 85 455
39 86 102
39 87 131
39 88 155
39 89 231
39 90 185
39 91 220
39 92 291
39 93 319
39 94 376
39 95 452
39 96 502
39 97 527
39 98 276
39 99 320
39 100 366
40 1 373
40 2 343
40 3 345
40 4 64
40 5 123
40 6 147
40 7 225
40 8 249
40 9 225
40 10 208
40 11 274
40 12 367
40 13 398
40 14 373
40 15 462
40 16 555
40 17 248
40 18 331
40 19 355
40 20 238
40 21 297
40 22 305
40 23 310
40 24 334
40 25 428
40 26 372
40 27 375
40 28 428
40 29 408
40 30 444
40 31 389
40 32 403
40 33 468
40 34 209
40 35 281
40 36 325
40 37 409
40 38 378
40 39 389
40 40 0
40 41 70
40 42 150
40 43 211
40 44 246
40 45 251
40 46 136
40 47 171
40 48 175
40 49 183
40 50 226
40 51 245
40 52 297
40 53 343
40 54 433
40 55 7
40 56 30
40 57 117
40 58 154
40 59 169
40 60 197
40 61 206
40 62 284
40 63 311
40 64 155
40 65 236
40 66 318
40 67 348
40 68 320
40 69 246
40 70 263
40 71 339
40 72 354
40 73 414
40 74 314
40 75 324
40 76 410
40 77 341
40 78 341
40 79 423
40 80 517
40 81 329
40 82 401
40 83 485
40 84 526
40 85 606
40 86 356
40 87 264
40 88 233
40 89 233
40 90 87
40 91 122
40 92 193
40 93 221
40 94 278
40 95 354
40 96 404
40 97 429
40 98 287
40 99 331
40 100 377
41 1 359
41 2 404
41 3 427
41 4 264
41 5 323
41 6 347
41 7 197
41 8 221
41 9 291
41 10 296
41 11 362
41 12 455
41 13 486
41 14 425
41 15 514
41 16 607
41 17 252
41 18 335
41 19 327
41 20 334
41 21 393
41 22 277
41 23 362
41 24 386
41 25 480
41 26 424
41 27 427
41 28 480
41 29 460
41 30 496
41 31 372
41 32 386
41 33 451
41 34 329
41 35 401
41 36 344
41 37 428
41 38 445
41 39 456
41 40 554
41 41 0
41 42 80
41 43 141
41 44 176
41 45 181
41 46 232
41 47 267
41 48 271
41 49 279
41 50 322
41 51 341
41 52 393
41 53 439
41 54 485
41 55 207
41 56 230
41 57 317
41 58 354
41 59 369
41 60 397
41 61 402
41 62 480
41 63 507
41 64 275
41 65 356
41 66 438
41 67 468
41 68 416
41 69 342
41 70 235
41 71 311
41 72 327
41 73 387
41 74 410
41 75 420
41 76 506
41 77 410
41 78 419
41 79 501
41 80 595
41 81 301
41 82 373
41 83 457
41 84 498
41 85 578
41 86 552
41 87 360
41 88 329
41 89 329
41 90 207
41 91 242
41 92 313
41 93 341
41 94 398
41 95 474
41 96 524
41 97 549
41 98 259
41 99 303
41 100 349
42 1 279
42 2 324
42 3 347
42 4 184
42 5 243
42 6 267
42 7 117
42 8 141
42 9 211
42 10 216
42 11 282
42 12 375
42 13 406
42 14 345
42 15 434
42 16 527
42 17 172
42 18 255
42 19 247
42 20 254
42 21 313
42 22 197
42 23 282
42 24 306
42 25 400
42 26 344
42 27 347
42 28 400
42 29 380
42 30 416
42 31 292
42 32 306
42 33 371
42 34 249
42 35 321
42 36 264
42 37 348
42 38 365
42 39 376
42 40 474
42 41 544
42 42 0
42 43 61
42 44 96
42 45 101
42 46 152
42 47 187
42 48 191
42 49 199
42 50 242
42 51 261
42 52 313
42 53 359
42 54 405
42 55 127
42 56 150
42 57 237
42 58 274
42 59 289
42 60 317
42 61 322
42 62 400
42 63 427
42 64 195
42 65 276
42 66 358
42 67 388
42 68 336
42 69 262
42 70 155
42 71 231
42 72 247
42 73 307
42 74 330
42 75 340
42 76 426
42 77 330
42 78 339
42 79 421
42 80 515
42 81 221
42 82 293
42 83 377
42 84 418
42 85 498
42 86 472
42 87 280
42 88 249
42 89 249
42 90 127
42 91 162
42 92 233
42 93 261
42 94 318
42 95 394
42 96 444
42 97 469
42 98 179
42 99 223
42 100 269
43 1 218
43 2 263
43 3 286
43 4 123
43 5 182
43 6 206
43 7 56
43 8 80
43 9 150
43 10 155
43 11 221
43 12 314
43 13 345
43 14 284
43 15 373
43 16 466
43 17 111
43 18 194
43 19 186
43 20 193
43 21 252
43 22 136
43 23 221
43 24 245
43 25 339
43 26 283
43 27 286
43 28 339
43 29 319
43 30 355
43 31 231
43 32 245
43 33 310
43 34 188
43 35 260
43 36 203
43 37 287
43 38 304
43 39 315
43 40 413
43 41 483
43 42 415
43 43 0
43 44 35
43 45 40
43 46 91
43 47 126
43 48 130
43 49 138
43 50 181
43 51 200
43 52 252
43 53 298
43 54 344
43 55 66
43 56 89
43 57 176
43 58 213
43 59 228
43 60 256
43 61 261
43 62 339
43 63 366
43 64 134
43 65 215
43 66 297
43 67 327
43 68 275
43 69 201
43 70 94
43 71 170
43 72 186
43 73 246
43 74 269
43 75 279
43 76 365
43 77 269
43 78 278
43 79 360
43 80 454
43 81 160
43 82 232
43 83 316
43 84 357
43 85 437
43 86 411
43 87 219
43 88 188
43 89 188
43 90 66
43 91 101
43 92 172
43 93 200
43 94 257
43 95 333
43 96 383
43 97 408
43 98 118
43 99 162
43 100 208
44 1 393
44 2 263
44 3 286
44 4 88
44 5 147
44 6 171
44 7 249
44 8 273
44 9 169
44 10 152
44 11 218
44 12 311
44 13 342
44 14 293
44 15 382
44 16 475
44 17 76
44 18 159
44 19 242
44 20 158
44 21 217
44 22 187
44 23 230
44 24 254
44 25 348
44 26 292
44 27 295
44 28 348
44 29 328
44 30 364
44 31 282
44 32 296
44 33 361
44 34 153
44 35 225
44 36 254
44 37 338
44 38 298
44 39 309
44 40 407
44 41 477
44 42 466
44 43 237
44 44 0
44 45 5
44 46 56
44 47 91
44 48 95
44 49 103
44 50 146
44 51 165
44 52 217
44 53 263
44 54 353
44 55 31
44 56 54
44 57 141
44 58 178
44 59 193
44 60 221
44 61 226
44 62 304
44 63 331
44 64 99
44 65 180
44 66 262
44 67 292
44 68 240
44 69 166
44 70 220
44 71 296
44 72 312
44 73 372
44 74 234
44 75 244
44 76 330
44 77 261
44 78 261
44 79 343
44 80 437
44 81 211
44 82 283
44 83 367
44 84 408
44 85 488
44 86 376
44 87 184
44 88 153
44 89 153
44 90 31
44 91 66
44 92 137
44 93 165
44 94 222
44 95 298
44 96 348
44 97 373
44 98 304
44 99 348
44 100 394
45 1 388
45 2 258
45 3 281
45 4 355
45 5 414
45 6 438
45 7 288
45 8 312
45 9 317
45 10 322
45 11 388
45 12 481
45 13 512
45 14 288
45 15 377
45 16 470
45 17 343
45 18 426
45 19 407
45 20 153
45 21 212
45 22 223
45 23 225
45 24 249
45 25 343
45 26 287
45 27 290
45 28 343
45 29 323
45 30 359
45 31 304
45 32 318
45 33 383
45 34 354
45 35 426
45 36 290
45 37 374
45 38 293
45 39 304
45 40 402
45 41 472
45 42 502
45 43 232
45 44 267
45 45 0
45 46 51
45 47 86
45 48 90
45 49 98
45 50 141
45 51 160
45 52 212
45 53 258
45 54 348
45 55 298
45 56 321
45 57 351
45 58 253
45 59 268
45 60 296
45 61 221
45 62 299
45 63 326
45 64 300
45 65 381
45 66 463
45 67 493
45 68 235
45 69 161
45 70 215
45 71 291
45 72 307
45 73 367
45 74 229
45 75 239
45 76 325
45 77 256
45 78 256
45 79 338
45 80 432
45 81 247
45 82 319
45 83 403
45 84 444
45 85 524
45 86 371
45 87 179
45 88 148
45 89 148
45 90 232
45 91 267
45 92 338
45 93 366
45 94 423
45 95 499
45 96 549
45 97 574
45 98 339
45 99 383
45 100 429
46 1 337
46 2 207
46 3 230
46 4 304
46 5 363
46 6 387
46 7 237
46 8 261
46 9 266
46 10 271
46 11 337
46 12 430
46 13 461
46 14 237
46 15 326
46 16 419
46 17 292
46 18 375
46 19 356
46 20 102
46 21 161
46 22 172
46 23 174
46 24 198
46 25 292
46 26 236
46 27 239
46 28 292
46 29 272
46 30 308
46 31 253
46 32 267
46 33 332
46 34 303
46 35 375
46 36 239
46 37 323
46 38 242
46 39 253
46 40 351
46 41 421
46 42 451
46 43 181
46 44 216
46 45 221
46 46 0
46 47 35
46 48 39
46 49 47
46 50 90
46 51 109
46 52 161
46 53 207
46 54 297
46 55 247
46 56 270
46 57 300
46 58 202
46 59 217
46 60 245
46 61 170
46 62 248
46 63 275
46 64 249
46 65 330
46 66 412
46 67 442
46 68 184
46 69 110
46 70 164
46 71 240
46 72 256
46 73 316
46 74 178
46 75 188
46 76 274
46 77 205
46 78 205
46 79 287
46 80 381
46 81 196
46 82 268
46 83 352
46 84 393
46 85 473
46 86 320
46 87 128
46 88 97
46 89 97
46 90 181
46 91 216
46 92 287
46 93 315
46 94 372
46 95 448
46 96 498
46 97 523
46 98 288
46 99 332
46 100 378
47 1 302
47 2 172
47 3 195
47 4 269
47 5 328
47 6 352
47 7 202
47 8 226
47 9 231
47 10 236
47 11 302
47 12 395
47 13 426
47 14 202
47 15 291
47 16 384
47 17 257
47 18 340
47 19 321
47 20 67
47 21 126
47 22 137
47 23 139
47 24 163
47 25 257
47 26 201
47 27 204
47 28 257
47 29 237
47 30 273
47 31 218
47 32 232
47 33 297
47 34 268
47 35 340
47 36 204
47 37 288
47 38 207
47 39 218
47 40 316
47 41 386
47 42 416
47 43 146
47 44 181
47 45 186
47 46 195
47 47 0
47 48 4
47 49 12
47 50 55
47 51 74
47 52 126
47 53 172
47 54 262
47 55 212
47 56 235
47 57 265
47 58 167
47 59 182
47 60 210
47 61 135
47 62 213
47 63 240
47 64 214
47 65 295
47 66 377
47 67 407
47 68 149
47 69 75
47 70 129
47 71 205
47 72 221
47 73 281
47 74 143
47 75 153
47 76 239
47 77 170
47 78 170
47 79 252
47 80 346
47 81 161
47 82 233
47 83 317
47 84 358
47 85 438
47 86 285
47 87 93
47 88 62
47 89 62
47 90 146
47 91 181
47 92 252
47 93 280
47 94 337
47 95 413
47 96 463
47 97 488
47 98 253
47 99 297
47 100 343
48 1 298
48 2 187
48 3 210
48 4 265
48 5 324
48 6 348
48 7 198
48 8 222
48 9 227
48 10 232
48 11 298
48 12 391
48 13 422
48 14 198
48 15 287
48 16 380
48 17 253
48 18 336
48 19 328
48 20 63
48 21 122
48 22 133
48 23 135
48 24 159
48 25 253
48 26 197
48 27 200
48 28 253
48 29 233
48 30 269
48 31 228
48 32 233
48 33 298
48 34 264
48 35 336
48 36 200
48 37 284
48 38 214
48 39 225
48 40 323
48 41 393
48 42 412
48 43 142
48 44 177
48 45 182
48 46 191
48 47 15
48 48 0
48 49 8
48 50 51
48 51 70
48 52 133
48 53 179
48 54 258
48 55 208
48 56 231
48 57 280
48 58 163
48 59 178
48 60 206
48 61 131
48 62 209
48 63 236
48 64 210
48 65 291
48 66 373
48 67 403
48 68 145
48 69 90
48 70 144
48 71 220
48 72 236
48 73 296
48 74 158
48 75 168
48 76 254
48 77 185
48 78 185
48 79 267
48 80 361
48 81 157
48 82 229
48 83 313
48 84 354
48 85 434
48 86 281
48 87 108
48 88 58
48 89 58
48 90 142
48 91 177
48 92 248
48 93 276
48 94 333
48 95 409
48 96 459
48 97 484
48 98 260
48 99 304
48 100 350
49 1 405
49 2 332
49 3 355
49 4 379
49 5 438
49 6 462
49 7 362
49 8 386
49 9 391
49 10 396
49 11 462
49 12 555
49 13 586
49 14 362
49 15 451
49 16 544
49 17 417
49 18 500
49 19 481
49 20 227
49 21 286
49 22 297
49 23 299
49 24 323
49 25 417
49 26 361
49 27 364
49 28 417
49 29 397
49 30 433
49 31 378
49 32 392
49 33 457
49 34 420
49 35 492
49 36 364
49 37 448
49 38 206
49 39 217
49 40 315
49 41 385
49 42 465
49 43 306
49 44 341
49 45 346
49 46 355
49 47 160
49 48 164
49 49 0
49 50 43
49 51 62
49 52 125
49 53 171
49 54 268
49 55 322
49 56 345
49 57 425
49 58 327
49 59 342
49 60 370
49 61 295
49 62 316
49 63 274
49 64 366
49 65 447
49 66 529
49 67 559
49 68 309
49 69 235
49 70 289
49 71 365
49 72 381
49 73 441
49 74 303
49 75 313
49 76 399
49 77 330
49 78 330
49 79 412
49 80 506
49 81 321
49 82 393
49 83 477
49 84 518
49 85 598
49 86 319
49 87 253
49 88 222
49 89 222
49 90 306
49 91 341
49 92 412
49 93 366
49 94 423
49 95 499
49 96 549
49 97 574
49 98 413
49 99 457
49 100 503
50 1 362
50 2 289
50 3 312
50 4 336
50 5 395
50 6 419
50 7 319
50 8 343
50 9 348
50 10 353
50 11 419
50 12 512
50 13 543
50 14 319
50 15 408
50 16 501
50 17 374
50 18 457
50 19 438
50 20 184
50 21 243
50 22 254
50 23 256
50 24 280
50 25 374
50 26 318
50 27 321
50 28 374
50 29 354
50 30 390
50 31 335
50 32 349
50 33 414
50 34 377
50 35 449
50 36 321
50 37 405
50 38 163
50 39 174
50 40 272
50 41 342
50 42 422
50 43 263
50 44 298
50 45 303
50 46 312
50 47 117
50 48 121
50 49 129
50 50 0
50 51 19
50 52 82
50 53 128
50 54 225
50 55 279
50 56 302
50 57 382
50 58 284
50 59 299
50 60 327
50 61 252
50 62 273
50 63 231
50 64 323
50 65 404
50 66 486
50 67 516
50 68 266
50 69 192
50 70 246
50 71 322
50 72 338
50 73 398
50 74 260
50 75 270
50 76 356
50 77 287
50 78 287
50 79 369
50 80 463
50 81 278
50 82 350
50 83 434
50 84 475
50 85 555
50 86 276
50 87 210
50 88 179
50 89 179
50 90 263
50 91 298
50 92 369
50 93 323
50 94 380
50 95 456
50 96 506
50 97 531
50 98 370
50 99 414
50 100 460
51 1 343
51 2 270
51 3 293
51 4 317
51 5 376
51 6 400
51 7 300
51 8 324
51 9 329
51 10 334
51 11 400
51 12 493
51 13 524
51 14 300
51 15 389
51 16 482
51 17 355
51 18 438
51 19 419
51 20 165
51 21 224
51 22 235
51 23 237
51 24 261
51 25 355
51 26 299
51 27 302
51 28 355
51 29 335
51 30 371
51 31 316
51 32 330
51 33 395
51 34 358
51 35 430
51 36 302
51 37 386
51 38 144
51 39 155
51 40 253
51 41 323
51 42 403
51 43 244
51 44 279
51 45 284
51 46 293
51 47 98
51 48 102
51 49 110
51 50 153
51 51 0
51 52 63
51 53 109
51 54 206
51 55 260
51 56 283
51 57 363
51 58 265
51 59 280
51 60 308
51 61 233
51 62 254
51 63 212
51 64 304
51 65 385
51 66 467
51 67 497
51 68 247
51 69 173
51 70 227
51 71 303
51 72 319
51 73 379
51 74 241
51 75 251
51 76 337
51 77 268
51 78 268
51 79 350
51 80 444
51 81 259
51 82 331
51 83 415
51 84 456
51 85 536
51 86 257
51 87 191
51 88 160
51 89 160
51 90 244
51 91 279
51 92 350
51 93 304
51 94 361
51 95 437
51 96 487
51 97 512
51 98 351
51 99 395
51 100 441
52 1 280
52 2 207
52 3 230
52 4 254
52 5 313
52 6 337
52 7 237
52 8 261
52 9 266
52 10 271
52 11 337
52 12 430
52 13 461
52 14 237
52 15 326
52 16 419
52 17 292
52 18 375
52 19 356
52 20 102
52 21 161
52 22 172
52 23 174
52 24 198
52 25 292
52 26 236
52 27 239
52 28 292
52 29 272
52 30 308
52 31 253
52 32 267
52 33 332
52 34 295
52 35 367
52 36 239
52 37 323
52 38 81
52 39 92
52 40 190
52 41 260
52 42 340
52 43 181
52 44 216
52 45 221
52 46 230
52 47 35
52 48 39
52 49 47
52 50 90
52 51 109
52 52 0
52 53 46
52 54 143
52 55 197
52 56 220
52 57 300
52 58 202
52 59 217
52 60 245
52 61 170
52 62 191
52 63 149
52 64 241
52 65 322
52 66 404
52 67 434
52 68 184
52 69 110
52 70 164
52 71 240
52 72 256
52 73 316
52 74 178
52 75 188
52 76 274
52 77 205
52 78 205
52 79 287
52 80 381
52 81 196
52 82 268
52 83 352
52 84 393
52 85 473
52 86 194
52 87 128
52 88 97
52 89 97
52 90 181
52 91 216
52 92 287
52 93 241
52 94 298
52 95 374
52 96 424
52 97 449
52 98 288
52 99 332
52 100 378
53 1 487
53 2 411
53 3 416
53 4 227
53 5 286
53 6 310
53 7 326
53 8 350
53 9 327
53 10 332
53 11 345
53 12 438
53 13 469
53 14 298
53 15 387
53 16 480
53 17 411
53 18 494
53 19 456
53 20 322
53 21 381
53 22 150
53 23 235
53 24 259
53 25 353
53 26 297
53 27 300
53 28 353
53 29 333
53 30 369
53 31 245
53 32 259
53 33 324
53 34 337
53 35 409
53 36 217
53 37 301
53 38 318
53 39 329
53 40 427
53 41 497
53 42 429
53 43 305
53 44 340
53 45 345
53 46 299
53 47 334
53 48 338
53 49 346
53 50 389
53 51 408
53 52 460
53 53 0
53 54 97
53 55 170
53 56 193
53 57 280
53 58 317
53 59 332
53 60 360
53 61 369
53 62 398
53 63 386
53 64 318
53 65 399
53 66 481
53 67 511
53 68 473
53 69 409
53 70 364
53 71 440
53 72 456
53 73 424
53 74 306
53 75 316
53 76 402
53 77 333
53 78 342
53 79 424
53 80 518
53 81 174
53 82 246
53 83 330
53 84 371
53 85 451
53 86 431
53 87 427
53 88 386
53 89 265
53 90 250
53 91 285
53 92 356
53 93 195
53 94 252
53 95 328
53 96 378
53 97 403
53 98 388
53 99 432
53 100 478
54 1 390
54 2 314
54 3 319
54 4 130
54 5 189
54 6 213
54 7 229
54 8 253
54 9 230
54 10 235
54 11 248
54 12 341
54 13 372
54 14 201
54 15 290
54 16 383
54 17 314
54 18 397
54 19 359
54 20 225
54 21 284
54 22 53
54 23 138
54 24 162
54 25 256
54 26 200
54 27 203
54 28 256
54 29 236
54 30 272
54 31 148
54 32 162
54 33 227
54 34 240
54 35 312
54 36 120
54 37 204
54 38 221
54 39 232
54 40 330
54 41 400
54 42 332
54 43 208
54 44 243
54 45 248
54 46 202
54 47 237
54 48 241
54 49 249
54 50 292
54 51 311
54 52 363
54 53 409
54 54 0
54 55 73
54 56 96
54 57 183
54 58 220
54 59 235
54 60 263
54 61 272
54 62 301
54 63 289
54 64 221
54 65 302
54 66 384
54 67 414
54 68 376
54 69 312
54 70 267
54 71 343
54 72 359
54 73 327
54 74 209
54 75 219
54 76 305
54 77 236
54 78 245
54 79 327
54 80 421
54 81 77
54 82 149
54 83 233
54 84 274
54 85 354
54 86 334
54 87 330
54 88 289
54 89 168
54 90 153
54 91 188
54 92 259
54 93 98
54 94 155
54 95 231
54 96 281
54 97 306
54 98 291
54 99 335
54 100 381
55 1 366
55 2 336
55 3 338
55 4 57
55 5 116
55 6 140
55 7 218
55 8 242
55 9 218
55 10 201
55 11 267
55 12 360
55 13 391
55 14 366
55 15 455
55 16 548
55 17 241
55 18 324
55 19 348
55 20 231
55 21 290
55 22 298
55 23 303
55 24 327
55 25 421
55 26 365
55 27 368
55 28 421
55 29 401
55 30 437
55 31 382
55 32 396
55 33 461
55 34 202
55 35 274
55 36 318
55 37 402
55 38 371
55 39 382
55 40 480
55 41 550
55 42 577
55 43 310
55 44 345
55 45 350
55 46 129
55 47 164
55 48 168
55 49 176
55 50 219
55 51 238
55 52 290
55 53 336
55 54 426
55 55 0
55 56 23
55 57 110
55 58 147
55 59 162
55 60 190
55 61 199
55 62 277
55 63 304
55 64 148
55 65 229
55 66 311
55 67 341
55 68 313
55 69 239
55 70 256
55 71 332
55 72 347
55 73 407
55 74 307
55 75 317
55 76 403
55 77 334
55 78 334
55 79 416
55 80 510
55 81 322
55 82 394
55 83 478
55 84 519
55 85 599
55 86 349
55 87 257
55 88 226
55 89 226
55 90 80
55 91 115
55 92 186
55 93 214
55 94 271
55 95 347
55 96 397
55 97 422
55 98 280
55 99 324
55 100 370
56 1 343
56 2 388
56 3 411
56 4 507
56 5 566
56 6 590
56 7 515
56 8 393
56 9 463
56 10 468
56 11 534
56 12 627
56 13 658
56 14 473
56 15 562
56 16 655
56 17 677
56 18 760
56 19 499
56 20 490
56 21 549
56 22 449
56 23 496
56 24 520
56 25 614
56 26 558
56 27 561
56 28 614
56 29 594
56 30 630
56 31 434
56 32 448
56 33 513
56 34 427
56 35 499
56 36 516
56 37 600
56 38 469
56 39 480
56 40 578
56 41 648
56 42 657
56 43 566
56 44 601
56 45 606
56 46 439
56 47 423
56 48 427
56 49 435
56 50 478
56 51 497
56 52 388
56 53 434
56 54 531
56 55 485
56 56 0
56 57 87
56 58 124
56 59 139
56 60 167
56 61 176
56 62 254
56 63 281
56 64 373
56 65 454
56 66 536
56 67 566
56 68 448
56 69 498
56 70 552
56 71 628
56 72 324
56 73 384
56 74 479
56 75 489
56 76 575
56 77 506
56 78 432
56 79 514
56 80 608
56 81 402
56 82 474
56 83 558
56 84 599
56 85 679
56 86 326
56 87 355
56 88 361
56 89 437
56 90 521
56 91 556
56 92 627
56 93 629
56 94 686
56 95 762
56 96 812
56 97 837
56 98 431
56 99 475
56 100 521
57 1 256
57 2 301
57 3 324
57 4 420
57 5 479
57 6 503
57 7 428
57 8 306
57 9 376
57 10 381
57 11 447
57 12 540
57 13 571
57 14 386
57 15 475
57 16 568
57 17 590
57 18 673
57 19 412
57 20 403
57 21 462
57 22 362
57 23 409
57 24 433
57 25 527
57 26 471
57 27 474
57 28 527
57 29 507
57 30 543
57 31 347
57 32 361
57 33 426
57 34 340
57 35 412
57 36 429
57 37 513
57 38 382
57 39 393
57 40 491
57 41 561
57 42 570
57 43 479
57 44 514
57 45 519
57 46 352
57 47 336
57 48 340
57 49 348
57 50 391
57 51 410
57 52 301
57 53 347
57 54 444
57 55 398
57 56 421
57 57 0
57 58 37
57 59 52
57 60 80
57 61 89
57 62 167
57 63 194
57 64 286
57 65 367
57 66 449
57 67 479
57 68 361
57 69 411
57 70 465
57 71 541
57 72 237
57 73 297
57 74 392
57 75 402
57 76 488
57 77 419
57 78 345
57 79 427
57 80 521
57 81 315
57 82 387
57 83 471
57 84 512
57 85 592
57 86 239
57 87 268
57 88 274
57 89 350
57 90 434
57 91 469
57 92 540
57 93 542
57 94 599
57 95 675
57 96 725
57 97 750
57 98 344
57 99 388
57 100 434
58 1 219
58 2 264
58 3 287
58 4 383
58 5 442
58 6 466
58 7 391
58 8 269
58 9 339
58 10 344
58 11 410
58 12 503
58 13 534
58 14 349
58 15 438
58 16 531
58 17 553
58 18 636
58 19 375
58 20 366
58 21 425
58 22 325
58 23 372
58 24 396
58 25 490
58 26 434
58 27 437
58 28 490
58 29 470
58 30 506
58 31 310
58 32 324
58 33 389
58 34 303
58 35 375
58 36 392
58 37 476
58 38 345
58 39 356
58 40 454
58 41 524
58 42 533
58 43 442
58 44 477
58 45 482
58 46 315
58 47 299
58 48 303
58 49 311
58 50 354
58 51 373
58 52 264
58 53 310
58 54 407
58 55 361
58 56 384
58 57 471
58 58 0
58 59 15
58 60 43
58 61 52
58 62 130
58 63 157
58 64 249
58 65 330
58 66 412
58 67 442
58 68 324
58 69 374
58 70 428
58 71 504
58 72 200
58 73 260
58 74 355
58 75 365
58 76 451
58 77 382
58 78 308
58 79 390
58 80 484
58 81 278
58 82 350
58 83 434
58 84 475
58 85 555
58 86 202
58 87 231
58 88 237
58 89 313
58 90 397
58 91 432
58 92 503
58 93 505
58 94 562
58 95 638
58 96 688
58 97 713
58 98 307
58 99 351
58 100 397
59 1 204
59 2 249
59 3 272
59 4 368
59 5 427
59 6 451
59 7 376
59 8 254
59 9 324
59 10 329
59 11 395
59 12 488
59 13 519
59 14 334
59 15 423
59 16 516
59 17 538
59 18 621
59 19 360
59 20 351
59 21 410
59 22 310
59 23 357
59 24 381
59 25 475
59 26 419
59 27 422
59 28 475
59 29 455
59 30 491
59 31 295
59 32 309
59 33 374
59 34 288
59 35 360
59 36 377
59 37 461
59 38 330
59 39 341
59 40 439
59 41 509
59 42 518
59 43 427
59 44 462
59 45 467
59 46 300
59 47 284
59 48 288
59 49 296
59 50 339
59 51 358
59 52 249
59 53 295
59 54 392
59 55 346
59 56 369
59 57 456
59 58 327
59 59 0
59 60 28
59 61 37
59 62 115
59 63 142
59 64 234
59 65 315
59 66 397
59 67 427
59 68 309
59 69 359
59 70 413
59 71 489
59 72 185
59 73 245
59 74 340
59 75 350
59 76 436
59 77 367
59 78 293
59 79 375
59 80 469
59 81 263
59 82 335
59 83 419
59 84 460
59 85 540
59 86 187
59 87 216
59 88 222
59 89 298
59 90 382
59 91 417
59 92 488
59 93 490
59 94 547
59 95 623
59 96 673
59 97 698
59 98 292
59 99 336
59 100 382
60 1 176
60 2 221
60 3 244
60 4 340
60 5 399
60 6 423
60 7 348
60 8 226
60 9 296
60 10 301
60 11 367
60 12 460
60 13 491
60 14 306
60 15 395
60 16 488
60 17 510
60 18 593
60 19 332
60 20 323
60 21 382
60 22 282
60 23 329
60 24 353
60 25 447
60 26 391
60 27 394
60 28 447
60 29 427
60 30 463
60 31 267
60 32 281
60 33 346
60 34 260
60 35 332
60 36 349
60 37 433
60 38 302
60 39 313
60 40 411
60 41 481
60 42 490
60 43 399
60 44 434
60 45 439
60 46 272
60 47 256
60 48 260
60 49 268
60 50 311
60 51 330
60 52 221
60 53 267
60 54 364
60 55 318
60 56 341
60 57 428
60 58 299
60 59 314
60 60 0
60 61 9
60 62 87
60 63 114
60 64 206
60 65 287
60 66 369
60 67 399
60 68 281
60 69 331
60 70 385
60 71 461
60 72 157
60 73 217
60 74 312
60 75 322
60 76 408
60 77 339
60 78 265
60 79 347
60 80 441
60 81 235
60 82 307
60 83 391
60 84 432
60 85 512
60 86 159
60 87 188
60 88 194
60 89 270
60 90 354
60 91 389
60 92 460
60 93 462
60 94 519
60 95 595
60 96 645
60 97 670
60 98 264
60 99 308
60 100 354
61 1 167
61 2 212
61 3 235
61 4 331
61 5 390
61 6 414
61 7 339
61 8 217
61 9 287
61 10 292
61 11 358
61 12 451
61 13 482
61 14 297
61 15 386
61 16 479
61 17 501
61 18 584
61 19 323
61 20 314
61 21 373
61 22 273
61 23 320
61 24 344
61 25 438
61 26 382
61 27 385
61 28 438
61 29 418
61 30 454
61 31 258
61 32 272
61 33 337
61 34 251
61 35 323
61 36 340
61 37 424
61 38 293
61 39 304
61 40 402
61 41 472
61 42 481
61 43 390
61 44 425
61 45 430
61 46 263
61 47 247
61 48 251
61 49 259
61 50 302
61 51 321
61 52 212
61 53 258
61 54 355
61 55 309
61 56 332
61 57 419
61 58 290
61 59 305
61 60 333
61 61 0
61 62 78
61 63 105
61 64 197
61 65 278
61 66 360
61 67 390
61 68 272
61 69 322
61 70 376
61 71 452
61 72 148
61 73 208
61 74 303
61 75 313
61 76 399
61 77 330
61 78 256
61 79 338
61 80 432
61 81 226
61 82 298
61 83 382
61 84 423
61 85 503
61 86 150
61 87 179
61 88 185
61 89 261
61 90 345
61 91 380
61 92 451
61 93 453
61 94 510
61 95 586
61 96 636
61 97 661
61 98 255
61 99 299
61 100 345
62 1 89
62 2 134
62 3 157
62 4 253
62 5 312
62 6 336
62 7 261
62 8 139
62 9 209
62 10 214
62 11 280
62 12 373
62 13 404
62 14 219
62 15 308
62 16 401
62 17 423
62 18 506
62 19 245
62 20 236
62 21 295
62 22 195
62 23 242
62 24 266
62 25 360
62 26 304
62 27 307
62 28 360
62 29 340
62 30 376
62 31 180
62 32 194
62 33 259
62 34 173
62 35 245
62 36 262
62 37 346
62 38 215
62 39 226
62 40 324
62 41 394
62 42 403
62 43 312
62 44 347
62 45 352
62 46 185
62 47 169
62 48 173
62 49 181
62 50 224
62 51 243
62 52 134
62 53 180
62 54 277
62 55 231
62 56 254
62 57 341
62 58 212
62 59 227
62 60 255
62 61 180
62 62 0
62 63 27
62 64 119
62 65 200
62 66 282
62 67 312
62 68 194
62 69 244
62 70 298
62 71 374
62 72 70
62 73 130
62 74 225
62 75 235
62 76 321
62 77 252
62 78 178
62 79 260
62 80 354
62 81 148
62 82 220
62 83 304
62 84 345
62 85 425
62 86 72
62 87 101
62 88 107
62 89 183
62 90 267
62 91 302
62 92 373
62 93 375
62 94 432
62 95 508
62 96 558
62 97 583
62 98 177
62 99 221
62 100 267
63 1 131
63 2 176
63 3 199
63 4 295
63 5 354
63 6 378
63 7 273
63 8 181
63 9 251
63 10 256
63 11 322
63 12 415
63 13 446
63 14 261
63 15 350
63 16 443
63 17 396
63 18 479
63 19 287
63 20 209
63 21 268
63 22 237
63 23 215
63 24 239
63 25 333
63 26 277
63 27 280
63 28 333
63 29 313
63 30 349
63 31 192
63 32 206
63 33 271
63 34 146
63 35 218
63 36 262
63 37 346
63 38 188
63 39 199
63 40 297
63 41 367
63 42 376
63 43 285
63 44 320
63 45 325
63 46 158
63 47 142
63 48 146
63 49 154
63 50 197
63 51 216
63 52 107
63 53 153
63 54 250
63 55 273
63 56 296
63 57 383
63 58 203
63 59 218
63 60 246
63 61 171
63 62 42
63 63 0
63 64 92
63 65 173
63 66 255
63 67 285
63 68 185
63 69 217
63 70 271
63 71 347
63 72 112
63 73 172
63 74 267
63 75 277
63 76 363
63 77 294
63 78 151
63 79 233
63 80 327
63 81 121
63 82 193
63 83 277
63 84 318
63 85 398
63 86 45
63 87 74
63 88 98
63 89 174
63 90 258
63 91 293
63 92 364
63 93 348
63 94 405
63 95 481
63 96 531
63 97 556
63 98 219
63 99 263
63 100 309
64 1 403
64 2 273
64 3 296
64 4 370
64 5 429
64 6 453
64 7 303
64 8 327
64 9 279
64 10 284
64 11 350
64 12 443
64 13 474
64 14 303
64 15 392
64 16 485
64 17 358
64 18 441
64 19 422
64 20 168
64 21 227
64 22 238
64 23 240
64 24 211
64 25 305
64 26 259
64 27 262
64 28 315
64 29 295
64 30 331
64 31 319
64 32 295
64 33 360
64 34 54
64 35 126
64 36 170
64 37 254
64 38 271
64 39 282
64 40 380
64 41 450
64 42 517
64 43 247
64 44 282
64 45 287
64 46 66
64 47 101
64 48 105
64 49 113
64 50 156
64 51 175
64 52 227
64 53 273
64 54 320
64 55 313
64 56 336
64 57 366
64 58 268
64 59 283
64 60 311
64 61 236
64 62 314
64 63 339
64 64 0
64 65 81
64 66 163
64 67 193
64 68 250
64 69 176
64 70 230
64 71 306
64 72 322
64 73 382
64 74 244
64 75 254
64 76 340
64 77 271
64 78 271
64 79 353
64 80 447
64 81 262
64 82 334
64 83 418
64 84 459
64 85 539
64 86 384
64 87 194
64 88 163
64 89 163
64 90 247
64 91 282
64 92 353
64 93 381
64 94 438
64 95 514
64 96 564
64 97 589
64 98 354
64 99 398
64 100 444
65 1 416
65 2 364
65 3 340
65 4 369
65 5 428
65 6 452
65 7 281
65 8 305
65 9 198
65 10 203
65 11 269
65 12 362
65 13 393
65 14 332
65 15 421
65 16 514
65 17 401
65 18 484
65 19 411
65 20 390
65 21 270
65 22 281
65 23 269
65 24 130
65 25 224
65 26 178
65 27 181
65 28 234
65 29 214
65 30 250
65 31 327
65 32 214
65 33 279
65 34 292
65 35 364
65 36 348
65 37 432
65 38 399
65 39 410
65 40 508
65 41 578
65 42 560
65 43 290
65 44 325
65 45 330
65 46 304
65 47 339
65 48 343
65 49 351
65 50 394
65 51 413
65 52 318
65 53 364
65 54 239
65 55 312
65 56 335
65 57 422
65 58 197
65 59 212
65 60 240
65 61 249
65 62 327
65 63 354
65 64 424
65 65 0
65 66 82
65 67 112
65 68 179
65 69 267
65 70 319
65 71 395
65 72 397
65 73 457
65 74 335
65 75 345
65 76 431
65 77 196
65 78 205
65 79 287
65 80 381
65 81 305
65 82 377
65 83 461
65 84 502
65 85 582
65 86 399
65 87 285
65 88 257
65 89 333
65 90 356
65 91 391
65 92 462
65 93 337
65 94 394
65 95 470
65 96 520
65 97 545
65 98 343
65 99 387
65 100 433
66 1 334
66 2 282
66 3 258
66 4 287
66 5 346
66 6 370
66 7 199
66 8 223
66 9 116
66 10 121
66 11 187
66 12 280
66 13 311
66 14 250
66 15 339
66 16 432
66 17 319
66 18 402
66 19 329
66 20 308
66 21 188
66 22 199
66 23 187
66 24 48
66 25 142
66 26 96
66 27 99
66 28 152
66 29 132
66 30 168
66 31 245
66 32 132
66 33 197
66 34 210
66 35 282
66 36 266
66 37 350
66 38 317
66 39 328
66 40 426
66 41 496
66 42 478
66 43 208
66 44 243
66 45 248
66 46 222
66 47 257
66 48 261
66 49 269
66 50 312
66 51 331
66 52 236
66 53 282
66 54 157
66 55 230
66 56 253
66 57 340
66 58 115
66 59 130
66 60 158
66 61 167
66 62 245
66 63 272
66 64 342
66 65 423
66 66 0
66 67 30
66 68 97
66 69 185
66 70 237
66 71 313
66 72 315
66 73 375
66 74 253
66 75 263
66 76 349
66 77 114
66 78 123
66 79 205
66 80 299
66 81 223
66 82 295
66 83 379
66 84 420
66 85 500
66 86 317
66 87 203
66 88 175
66 89 251
66 90 274
66 91 309
66 92 380
66 93 255
66 94 312
66 95 388
66 96 438
66 97 463
66 98 261
66 99 305
66 100 351
67 1 304
67 2 252
67 3 275
67 4 301
67 5 360
67 6 384
67 7 234
67 8 258
67 9 249
67 10 254
67 11 320
67 12 413
67 13 444
67 14 220
67 15 309
67 16 402
67 17 289
67 18 372
67 19 364
67 20 308
67 21 158
67 22 169
67 23 157
67 24 181
67 25 275
67 26 219
67 27 222
67 28 275
67 29 255
67 30 291
67 31 264
67 32 255
67 33 320
67 34 333
67 35 405
67 36 236
67 37 320
67 38 287
67 39 298
67 40 396
67 41 466
67 42 448
67 43 178
67 44 213
67 45 218
67 46 269
67 47 241
67 48 245
67 49 253
67 50 296
67 51 315
67 52 206
67 53 252
67 54 280
67 55 244
67 56 267
67 57 345
67 58 85
67 59 100
67 60 128
67 61 137
67 62 215
67 63 242
67 64 312
67 65 393
67 66 475
67 67 0
67 68 67
67 69 155
67 70 209
67 71 285
67 72 285
67 73 345
67 74 223
67 75 233
67 76 319
67 77 84
67 78 93
67 79 175
67 80 269
67 81 193
67 82 265
67 83 349
67 84 390
67 85 470
67 86 287
67 87 173
67 88 197
67 89 273
67 90 244
67 91 279
67 92 350
67 93 378
67 94 435
67 95 511
67 96 561
67 97 586
67 98 296
67 99 340
67 100 386
68 1 237
68 2 185
68 3 208
68 4 304
68 5 363
68 6 387
68 7 312
68 8 287
68 9 339
68 10 344
68 11 410
68 12 503
68 13 534
68 14 270
68 15 359
68 16 452
68 17 388
68 18 471
68 19 334
68 20 241
68 21 257
68 22 268
68 23 247
68 24 271
68 25 365
68 26 309
68 27 312
68 28 365
68 29 345
68 30 381
68 31 231
68 32 245
68 33 310
68 34 321
68 35 393
68 36 335
68 37 419
68 38 220
68 39 231
68 40 329
68 41 399
68 42 479
68 43 277
68 44 312
68 45 317
68 46 333
68 47 174
68 48 178
68 49 186
68 50 229
68 51 248
68 52 139
68 53 185
68 54 282
68 55 320
68 56 343
68 57 278
68 58 18
68 59 33
68 60 61
68 61 70
68 62 148
68 63 175
68 64 267
68 65 348
68 66 430
68 67 460
68 68 0
68 69 88
68 70 142
68 71 218
68 72 218
68 73 278
68 74 156
68 75 166
68 76 252
68 77 183
68 78 183
68 79 265
68 80 359
68 81 292
68 82 364
68 83 448
68 84 489
68 85 569
68 86 220
68 87 106
68 88 130
68 89 206
68 90 290
68 91 325
68 92 396
68 93 380
68 94 437
68 95 513
68 96 563
68 97 588
68 98 266
68 99 310
68 100 356
69 1 278
69 2 97
69 3 120
69 4 216
69 5 275
69 6 299
69 7 224
69 8 215
69 9 251
69 10 256
69 11 322
69 12 415
69 13 446
69 14 182
69 15 271
69 16 364
69 17 300
69 18 383
69 19 246
69 20 153
69 21 169
69 22 180
69 23 159
69 24 183
69 25 277
69 26 221
69 27 224
69 28 277
69 29 257
69 30 293
69 31 143
69 32 157
69 33 222
69 34 235
69 35 307
69 36 247
69 37 331
69 38 132
69 39 143
69 40 241
69 41 311
69 42 391
69 43 189
69 44 224
69 45 229
69 46 247
69 47 86
69 48 90
69 49 98
69 50 141
69 51 160
69 52 51
69 53 97
69 54 194
69 55 232
69 56 255
69 57 190
69 58 147
69 59 162
69 60 190
69 61 115
69 62 193
69 63 200
69 64 270
69 65 351
69 66 433
69 67 463
69 68 129
69 69 0
69 70 54
69 71 130
69 72 146
69 73 206
69 74 68
69 75 78
69 76 164
69 77 95
69 78 95
69 79 177
69 80 271
69 81 204
69 82 276
69 83 360
69 84 401
69 85 481
69 86 245
69 87 18
69 88 42
69 89 118
69 90 202
69 91 237
69 92 308
69 93 292
69 94 349
69 95 425
69 96 475
69 97 500
69 98 178
69 99 222
69 100 268
70 1 299
70 2 344
70 3 367
70 4 310
70 5 369
70 6 393
70 7 325
70 8 161
70 9 231
70 10 236
70 11 302
70 12 395
70 13 426
70 14 311
70 15 400
70 16 493
70 17 380
70 18 463
70 19 267
70 20 262
70 21 249
70 22 217
70 23 248
70 24 272
70 25 366
70 26 310
70 27 313
70 28 366
70 29 346
70 30 382
70 31 312
70 32 326
70 33 391
70 34 404
70 35 476
70 36 284
70 37 368
70 38 385
70 39 396
70 40 494
70 41 564
70 42 496
70 43 269
70 44 304
70 45 309
70 46 338
70 47 373
70 48 377
70 49 385
70 50 428
70 51 447
70 52 355
70 53 401
70 54 371
70 55 253
70 56 276
70 57 136
70 58 173
70 59 188
70 60 216
70 61 202
70 62 280
70 63 307
70 64 357
70 65 438
70 66 520
70 67 550
70 68 216
70 69 304
70 70 0
70 71 76
70 72 92
70 73 152
70 74 247
70 75 257
70 76 343
70 77 175
70 78 184
70 79 266
70 80 360
70 81 241
70 82 313
70 83 397
70 84 438
70 85 518
70 86 352
70 87 322
70 88 129
70 89 205
70 90 289
70 91 324
70 92 395
70 93 423
70 94 480
70 95 556
70 96 606
70 97 631
70 98 199
70 99 243
70 100 289
71 1 223
71 2 268
71 3 291
71 4 234
71 5 293
71 6 317
71 7 249
71 8 85
71 9 155
71 10 160
71 11 226
71 12 319
71 13 350
71 14 235
71 15 324
71 16 417
71 17 304
71 18 387
71 19 191
71 20 186
71 21 173
71 22 141
71 23 172
71 24 196
71 25 290
71 26 234
71 27 237
71 28 290
71 29 270
71 30 306
71 31 236
71 32 250
71 33 315
71 34 328
71 35 400
71 36 208
71 37 292
71 38 309
71 39 320
71 40 418
71 41 488
71 42 420
71 43 193
71 44 228
71 45 233
71 46 262
71 47 297
71 48 301
71 49 309
71 50 352
71 51 371
71 52 279
71 53 325
71 54 295
71 55 177
71 56 200
71 57 60
71 58 97
71 59 112
71 60 140
71 61 126
71 62 204
71 63 231
71 64 281
71 65 362
71 66 444
71 67 474
71 68 140
71 69 228
71 70 282
71 71 0
71 72 16
71 73 76
71 74 171
71 75 181
71 76 267
71 77 99
71 78 108
71 79 190
71 80 284
71 81 165
71 82 237
71 83 321
71 84 362
71 85 442
71 86 276
71 87 246
71 88 53
71 89 129
71 90 213
71 91 248
71 92 319
71 93 347
71 94 404
71 95 480
71 96 530
71 97 555
71 98 123
71 99 167
71 100 213
72 1 207
72 2 252
72 3 275
72 4 218
72 5 277
72 6 301
72 7 301
72 8 69
72 9 139
72 10 144
72 11 210
72 12 303
72 13 334
72 14 253
72 15 342
72 16 435
72 17 358
72 18 441
72 19 175
72 20 170
72 21 229
72 22 125
72 23 190
72 24 214
72 25 308
72 26 252
72 27 255
72 28 308
72 29 288
72 30 324
72 31 220
72 32 234
72 33 299
72 34 312
72 35 384
72 36 192
72 37 276
72 38 293
72 39 304
72 40 402
72 41 472
72 42 404
72 43 249
72 44 284
72 45 289
72 46 246
72 47 281
72 48 285
72 49 293
72 50 336
72 51 355
72 52 263
72 53 309
72 54 313
72 55 161
72 56 184
72 57 271
72 58 142
72 59 157
72 60 185
72 61 110
72 62 188
72 63 215
72 64 265
72 65 346
72 66 428
72 67 458
72 68 124
72 69 212
72 70 266
72 71 342
72 72 0
72 73 60
72 74 155
72 75 165
72 76 251
72 77 182
72 78 191
72 79 273
72 80 367
72 81 149
72 82 221
72 83 305
72 84 346
72 85 426
72 86 260
72 87 230
72 88 37
72 89 113
72 90 197
72 91 232
72 92 303
72 93 331
72 94 388
72 95 464
72 96 514
72 97 539
72 98 107
72 99 151
72 100 197
73 1 147
73 2 192
73 3 215
73 4 158
73 5 217
73 6 241
73 7 241
73 8 9
73 9 79
73 10 84
73 11 150
73 12 243
73 13 274
73 14 213
73 15 302
73 16 395
73 17 327
73 18 410
73 19 115
73 20 204
73 21 196
73 22 65
73 23 150
73 24 174
73 25 268
73 26 212
73 27 215
73 28 268
73 29 248
73 30 284
73 31 160
73 32 174
73 33 239
73 34 252
73 35 324
73 36 132
73 37 216
73 38 233
73 39 244
73 40 342
73 41 412
73 42 344
73 43 216
73 44 251
73 45 256
73 46 230
73 47 265
73 48 269
73 49 277
73 50 320
73 51 339
73 52 364
73 53 410
73 54 273
73 55 101
73 56 124
73 57 211
73 58 234
73 59 249
73 60 277
73 61 211
73 62 289
73 63 301
73 64 249
73 65 330
73 66 412
73 67 442
73 68 225
73 69 313
73 70 279
73 71 355
73 72 359
73 73 0
73 74 95
73 75 105
73 76 191
73 77 122
73 78 131
73 79 213
73 80 307
73 81 89
73 82 161
73 83 245
73 84 286
73 85 366
73 86 346
73 87 331
73 88 138
73 89 180
73 90 181
73 91 216
73 92 287
73 93 315
73 94 372
73 95 448
73 96 498
73 97 523
73 98 47
73 99 91
73 100 137
74 1 210
74 2 255
74 3 278
74 4 221
74 5 280
74 6 304
74 7 177
74 8 201
74 9 192
74 10 197
74 11 263
74 12 356
74 13 387
74 14 163
74 15 252
74 16 345
74 17 232
74 18 315
74 19 178
74 20 267
74 21 101
74 22 112
74 23 100
74 24 124
74 25 218
74 26 162
74 27 165
74 28 218
74 29 198
74 30 234
74 31 207
74 32 198
74 33 263
74 34 276
74 35 348
74 36 179
74 37 263
74 38 280
74 39 291
74 40 389
74 41 459
74 42 391
74 43 121
74 44 156
74 45 161
74 46 212
74 47 247
74 48 251
74 49 259
74 50 302
74 51 321
74 52 373
74 53 419
74 54 223
74 55 164
74 56 187
74 57 274
74 58 184
74 59 199
74 60 227
74 61 236
74 62 314
74 63 341
74 64 255
74 65 336
74 66 418
74 67 448
74 68 338
74 69 322
74 70 215
74 71 291
74 72 307
74 73 367
74 74 0
74 75 10
74 76 96
74 77 27
74 78 36
74 79 118
74 80 212
74 81 136
74 82 208
74 83 292
74 84 333
74 85 413
74 86 386
74 87 340
74 88 251
74 89 227
74 90 187
74 91 222
74 92 293
74 93 321
74 94 378
74 95 454
74 96 504
74 97 529
74 98 110
74 99 154
74 100 200
75 1 200
75 2 245
75 3 268
75 4 211
75 5 270
75 6 294
75 7 255
75 8 279
75 9 202
75 10 207
75 11 273
75 12 366
75 13 397
75 14 241
75 15 330
75 16 423
75 17 310
75 18 393
75 19 168
75 20 257
75 21 179
75 22 190
75 23 178
75 24 134
75 25 228
75 26 240
75 27 243
75 28 296
75 29 276
75 30 312
75 31 285
75 32 276
75 33 341
75 34 354
75 35 426
75 36 257
75 37 341
75 38 358
75 39 369
75 40 467
75 41 537
75 42 469
75 43 199
75 44 234
75 45 239
75 46 283
75 47 318
75 48 322
75 49 330
75 50 373
75 51 392
75 52 444
75 53 490
75 54 301
75 55 154
75 56 177
75 57 264
75 58 262
75 59 277
75 60 305
75 61 314
75 62 392
75 63 419
75 64 302
75 65 383
75 66 465
75 67 495
75 68 348
75 69 393
75 70 293
75 71 369
75 72 385
75 73 445
75 74 461
75 75 0
75 76 86
75 77 105
75 78 114
75 79 196
75 80 290
75 81 214
75 82 286
75 83 370
75 84 411
75 85 491
75 86 464
75 87 411
75 88 261
75 89 305
75 90 234
75 91 269
75 92 340
75 93 368
75 94 425
75 95 501
75 96 551
75 97 576
75 98 100
75 99 144
75 100 190
76 1 114
76 2 159
76 3 182
76 4 125
76 5 184
76 6 208
76 7 169
76 8 193
76 9 116
76 10 121
76 11 187
76 12 280
76 13 311
76 14 155
76 15 244
76 16 337
76 17 224
76 18 307
76 19 82
76 20 171
76 21 93
76 22 104
76 23 92
76 24 48
76 25 142
76 26 154
76 27 157
76 28 210
76 29 190
76 30 226
76 31 199
76 32 190
76 33 255
76 34 268
76 35 340
76 36 171
76 37 255
76 38 272
76 39 283
76 40 381
76 41 451
76 42 383
76 43 113
76 44 148
76 45 153
76 46 197
76 47 232
76 48 236
76 49 244
76 50 287
76 51 306
76 52 358
76 53 404
76 54 215
76 55 68
76 56 91
76 57 178
76 58 176
76 59 191
76 60 219
76 61 228
76 62 306
76 63 333
76 64 216
76 65 297
76 66 379
76 67 409
76 68 262
76 69 307
76 70 207
76 71 283
76 72 299
76 73 359
76 74 375
76 75 385
76 76 0
76 77 19
76 78 28
76 79 110
76 80 204
76 81 128
76 82 200
76 83 284
76 84 325
76 85 405
76 86 378
76 87 325
76 88 175
76 89 219
76 90 148
76 91 183
76 92 254
76 93 282
76 94 339
76 95 415
76 96 465
76 97 490
76 98 14
76 99 58
76 100 104
77 1 312
77 2 357
77 3 307
77 4 217
77 5 276
77 6 300
77 7 150
77 8 174
77 9 165
77 10 170
77 11 236
77 12 329
77 13 360
77 14 136
77 15 225
77 16 318
77 17 205
77 18 288
77 19 280
77 20 257
77 21 74
77 22 85
77 23 73
77 24 97
77 25 191
77 26 135
77 27 138
77 28 191
77 29 171
77 30 207
77 31 180
77 32 171
77 33 236
77 34 249
77 35 321
77 36 152
77 37 236
77 38 253
77 39 264
77 40 362
77 41 432
77 42 364
77 43 94
77 44 129
77 45 134
77 46 185
77 47 220
77 48 224
77 49 232
77 50 275
77 51 294
77 52 346
77 53 392
77 54 196
77 55 160
77 56 183
77 57 270
77 58 157
77 59 172
77 60 200
77 61 209
77 62 287
77 63 314
77 64 228
77 65 309
77 66 391
77 67 421
77 68 311
77 69 295
77 70 188
77 71 264
77 72 280
77 73 340
77 74 363
77 75 373
77 76 459
77 77 0
77 78 9
77 79 91
77 80 185
77 81 109
77 82 181
77 83 265
77 84 306
77 85 386
77 86 359
77 87 313
77 88 224
77 89 200
77 90 160
77 91 195
77 92 266
77 93 294
77 94 351
77 95 427
77 96 477
77 97 502
77 98 212
77 99 256
77 100 302
78 1 352
78 2 397
78 3 298
78 4 257
78 5 316
78 6 340
78 7 190
78 8 214
78 9 156
78 10 161
78 11 227
78 12 320
78 13 351
78 14 127
78 15 216
78 16 309
78 17 245
78 18 328
78 19 320
78 20 304
78 21 236
78 22 240
78 23 64
78 24 88
78 25 182
78 26 126
78 27 129
78 28 182
78 29 162
78 30 198
78 31 253
78 32 162
78 33 227
78 34 240
78 35 312
78 36 307
78 37 391
78 38 408
78 39 419
78 40 517
78 41 587
78 42 437
78 43 134
78 44 169
78 45 174
78 46 225
78 47 260
78 48 264
78 49 272
78 50 315
78 51 334
78 52 386
78 53 432
78 54 187
78 55 200
78 56 223
78 57 310
78 58 148
78 59 163
78 60 191
78 61 200
78 62 278
78 63 305
78 64 268
78 65 349
78 66 431
78 67 461
78 68 302
78 69 335
78 70 228
78 71 304
78 72 320
78 73 380
78 74 396
78 75 406
78 76 492
78 77 162
78 78 0
78 79 82
78 80 176
78 81 182
78 82 254
78 83 338
78 84 379
78 85 459
78 86 350
78 87 353
78 88 215
78 89 247
78 90 200
78 91 235
78 92 306
78 93 285
78 94 342
78 95 418
78 96 468
78 97 493
78 98 252
78 99 296
78 100 342
79 1 414
79 2 459
79 3 482
79 4 425
79 5 484
79 6 508
79 7 252
79 8 276
79 9 346
79 10 351
79 11 417
79 12 510
79 13 541
79 14 331
79 15 420
79 16 513
79 17 436
79 18 519
79 19 382
79 20 248
79 21 307
79 22 318
79 23 268
79 24 292
79 25 386
79 26 330
79 27 333
79 28 386
79 29 366
79 30 402
79 31 171
79 32 185
79 33 250
79 34 263
79 35 335
79 36 379
79 37 463
79 38 480
79 39 491
79 40 589
79 41 659
79 42 355
79 43 327
79 44 362
79 45 367
79 46 275
79 47 310
79 48 314
79 49 322
79 50 365
79 51 384
79 52 436
79 53 482
79 54 391
79 55 368
79 56 391
79 57 426
79 58 352
79 59 367
79 60 395
79 61 404
79 62 482
79 63 509
79 64 343
79 65 424
79 66 506
79 67 536
79 68 459
79 69 385
79 70 290
79 71 366
79 72 382
79 73 442
79 74 453
79 75 463
79 76 549
79 77 366
79 78 375
79 79 0
79 80 94
79 81 100
79 82 172
79 83 256
79 84 297
79 85 377
79 86 408
79 87 403
79 88 372
79 89 191
79 90 275
79 91 310
79 92 381
79 93 409
79 94 466
79 95 542
79 96 592
79 97 617
79 98 314
79 99 358
79 100 404
80 1 320
80 2 365
80 3 388
80 4 331
80 5 390
80 6 414
80 7 158
80 8 182
80 9 252
80 10 257
80 11 323
80 12 416
80 13 447
80 14 237
80 15 326
80 16 419
80 17 342
80 18 425
80 19 288
80 20 154
80 21 213
80 22 224
80 23 174
80 24 198
80 25 292
80 26 236
80 27 239
80 28 292
80 29 272
80 30 308
80 31 77
80 32 91
80 33 156
80 34 169
80 35 241
80 36 285
80 37 369
80 38 386
80 39 397
80 40 495
80 41 565
80 42 261
80 43 233
80 44 268
80 45 273
80 46 181
80 47 216
80 48 220
80 49 228
80 50 271
80 51 290
80 52 342
80 53 388
80 54 297
80 55 274
80 56 297
80 57 332
80 58 258
80 59 273
80 60 301
80 61 310
80 62 388
80 63 415
80 64 249
80 65 330
80 66 412
80 67 442
80 68 365
80 69 291
80 70 196
80 71 272
80 72 288
80 73 348
80 74 359
80 75 369
80 76 455
80 77 272
80 78 281
80 79 363
80 80 0
80 81 6
80 82 78
80 83 162
80 84 203
80 85 283
80 86 314
80 87 309
80 88 278
80 89 97
80 90 181
80 91 216
80 92 287
80 93 315
80 94 372
80 95 448
80 96 498
80 97 523
80 98 220
80 99 264
80 100 310
81 1 314
81 2 359
81 3 382
81 4 325
81 5 384
81 6 408
81 7 152
81 8 176
81 9 246
81 10 251
81 11 317
81 12 410
81 13 441
81 14 231
81 15 320
81 16 413
81 17 336
81 18 419
81 19 282
81 20 148
81 21 207
81 22 218
81 23 168
81 24 192
81 25 286
81 26 230
81 27 233
81 28 286
81 29 266
81 30 302
81 31 71
81 32 85
81 33 150
81 34 163
81 35 235
81 36 279
81 37 363
81 38 380
81 39 391
81 40 489
81 41 559
81 42 255
81 43 227
81 44 262
81 45 267
81 46 175
81 47 210
81 48 214
81 49 222
81 50 265
81 51 284
81 52 336
81 53 382
81 54 291
81 55 268
81 56 291
81 57 326
81 58 252
81 59 267
81 60 295
81 61 304
81 62 382
81 63 409
81 64 243
81 65 324
81 66 406
81 67 436
81 68 359
81 69 285
81 70 190
81 71 266
81 72 282
81 73 342
81 74 353
81 75 363
81 76 449
81 77 266
81 78 275
81 79 357
81 80 451
81 81 0
81 82 72
81 83 156
81 84 197
81 85 277
81 86 308
81 87 303
81 88 272
81 89 91
81 90 175
81 91 210
81 92 281
81 93 309
81 94 366
81 95 442
81 96 492
81 97 517
81 98 214
81 99 258
81 100 304
82 1 289
82 2 334
82 3 350
82 4 300
82 5 359
82 6 383
82 7 300
82 8 151
82 9 208
82 10 213
82 11 279
82 12 372
82 13 403
82 14 355
82 15 444
82 16 537
82 17 355
82 18 438
82 19 257
82 20 346
82 21 405
82 22 207
82 23 292
82 24 316
82 25 410
82 26 354
82 27 357
82 28 410
82 29 390
82 30 426
82 31 302
82 32 316
82 33 381
82 34 394
82 35 466
82 36 274
82 37 358
82 38 375
82 39 386
82 40 484
82 41 554
82 42 183
82 43 244
82 44 279
82 45 284
82 46 335
82 47 333
82 48 337
82 49 345
82 50 388
82 51 407
82 52 298
82 53 344
82 54 415
82 55 243
82 56 266
82 57 353
82 58 372
82 59 387
82 60 415
82 61 340
82 62 418
82 63 443
82 64 378
82 65 459
82 66 541
82 67 571
82 68 354
82 69 408
82 70 338
82 71 414
82 72 430
82 73 490
82 74 476
82 75 486
82 76 572
82 77 390
82 78 342
82 79 424
82 80 518
82 81 231
82 82 0
82 83 84
82 84 125
82 85 205
82 86 236
82 87 265
82 88 267
82 89 322
82 90 310
82 91 345
82 92 416
82 93 444
82 94 501
82 95 577
82 96 627
82 97 652
82 98 189
82 99 233
82 100 279
83 1 205
83 2 250
83 3 266
83 4 216
83 5 275
83 6 299
83 7 216
83 8 67
83 9 124
83 10 129
83 11 195
83 12 288
83 13 319
83 14 271
83 15 360
83 16 453
83 17 271
83 18 354
83 19 173
83 20 262
83 21 321
83 22 123
83 23 208
83 24 232
83 25 326
83 26 270
83 27 273
83 28 326
83 29 306
83 30 342
83 31 218
83 32 232
83 33 297
83 34 310
83 35 382
83 36 190
83 37 274
83 38 291
83 39 302
83 40 400
83 41 470
83 42 99
83 43 160
83 44 195
83 45 200
83 46 251
83 47 249
83 48 253
83 49 261
83 50 304
83 51 323
83 52 214
83 53 260
83 54 331
83 55 159
83 56 182
83 57 269
83 58 288
83 59 303
83 60 331
83 61 256
83 62 334
83 63 359
83 64 294
83 65 375
83 66 457
83 67 487
83 68 270
83 69 324
83 70 254
83 71 330
83 72 346
83 73 406
83 74 392
83 75 402
83 76 488
83 77 306
83 78 258
83 79 340
83 80 434
83 81 147
83 82 219
83 83 0
83 84 41
83 85 121
83 86 152
83 87 181
83 88 183
83 89 238
83 90 226
83 91 261
83 92 332
83 93 360
83 94 417
83 95 493
83 96 543
83 97 568
83 98 105
83 99 149
83 100 195
84 1 382
84 2 380
84 3 225
84 4 321
84 5 380
84 6 404
84 7 338
84 8 362
84 9 83
84 10 88
84 11 154
84 12 247
84 13 278
84 14 287
84 15 376
84 16 469
84 17 462
84 18 545
84 19 338
84 20 275
84 21 334
84 22 345
84 23 281
84 24 305
84 25 399
84 26 343
84 27 346
84 28 399
84 29 379
84 30 415
84 31 258
84 32 272
84 33 337
84 34 350
84 35 422
84 36 412
84 37 496
84 38 254
84 39 265
84 40 363
84 41 433
84 42 442
84 43 351
84 44 386
84 45 391
84 46 351
84 47 208
84 48 212
84 49 220
84 50 263
84 51 282
84 52 173
84 53 219
84 54 316
84 55 370
84 56 393
84 57 473
84 58 247
84 59 262
84 60 290
84 61 215
84 62 293
84 63 320
84 64 370
84 65 451
84 66 533
84 67 563
84 68 229
84 69 283
84 70 337
84 71 413
84 72 363
84 73 423
84 74 351
84 75 361
84 76 447
84 77 378
84 78 217
84 79 299
84 80 393
84 81 187
84 82 259
84 83 343
84 84 0
84 85 80
84 86 111
84 87 140
84 88 142
84 89 218
84 90 302
84 91 337
84 92 408
84 93 414
84 94 471
84 95 547
84 96 597
84 97 622
84 98 400
84 99 444
84 100 490
85 1 302
85 2 300
85 3 145
85 4 241
85 5 300
85 6 324
85 7 258
85 8 282
85 9 3
85 10 8
85 11 74
85 12 167
85 13 198
85 14 207
85 15 296
85 16 389
85 17 382
85 18 465
85 19 258
85 20 195
85 21 254
85 22 265
85 23 201
85 24 225
85 25 319
85 26 263
85 27 266
85 28 319
85 29 299
85 30 335
85 31 178
85 32 192
85 33 257
85 34 270
85 35 342
85 36 332
85 37 416
85 38 174
85 39 185
85 40 283
85 41 353
85 42 362
85 43 271
85 44 306
85 45 311
85 46 271
85 47 128
85 48 132
85 49 140
85 50 183
85 51 202
85 52 93
85 53 139
85 54 236
85 55 290
85 56 313
85 57 393
85 58 167
85 59 182
85 60 210
85 61 135
85 62 213
85 63 240
85 64 290
85 65 371
85 66 453
85 67 483
85 68 149
85 69 203
85 70 257
85 71 333
85 72 283
85 73 343
85 74 271
85 75 281
85 76 367
85 77 298
85 78 137
85 79 219
85 80 313
85 81 107
85 82 179
85 83 263
85 84 304
85 85 0
85 86 31
85 87 60
85 88 62
85 89 138
85 90 222
85 91 257
85 92 328
85 93 334
85 94 391
85 95 467
85 96 517
85 97 542
85 98 320
85 99 364
85 100 410
86 1 293
86 2 269
86 3 292
86 4 316
86 5 375
86 6 399
86 7 228
86 8 252
86 9 262
86 10 267
86 11 333
86 12 426
86 13 457
86 14 233
86 15 322
86 16 415
86 17 351
86 18 434
86 19 358
86 20 164
86 21 223
86 22 234
86 23 170
86 24 194
86 25 288
86 26 232
86 27 235
86 28 288
86 29 268
86 30 304
86 31 147
86 32 161
86 33 226
86 34 239
86 35 311
86 36 301
86 37 385
86 38 143
86 39 154
86 40 252
86 41 322
86 42 331
86 43 240
86 44 275
86 45 280
86 46 251
86 47 97
86 48 101
86 49 109
86 50 152
86 51 171
86 52 62
86 53 108
86 54 205
86 55 259
86 56 282
86 57 362
86 58 158
86 59 173
86 60 201
86 61 126
86 62 204
86 63 211
86 64 281
86 65 362
86 66 444
86 67 474
86 68 140
86 69 172
86 70 226
86 71 302
86 72 274
86 73 334
86 74 240
86 75 250
86 76 336
86 77 267
86 78 106
86 79 188
86 80 282
86 81 76
86 82 148
86 83 232
86 84 273
86 85 353
86 86 0
86 87 29
86 88 53
86 89 129
86 90 213
86 91 248
86 92 319
86 93 303
86 94 360
86 95 436
86 96 486
86 97 511
86 98 290
86 99 334
86 100 380
87 1 264
87 2 240
87 3 263
87 4 287
87 5 346
87 6 370
87 7 267
87 8 291
87 9 233
87 10 238
87 11 304
87 12 397
87 13 428
87 14 204
87 15 293
87 16 386
87 17 322
87 18 405
87 19 389
87 20 135
87 21 194
87 22 205
87 23 141
87 24 165
87 25 259
87 26 203
87 27 206
87 28 259
87 29 239
87 30 275
87 31 286
87 32 239
87 33 304
87 34 306
87 35 378
87 36 272
87 37 356
87 38 114
87 39 125
87 40 223
87 41 293
87 42 373
87 43 211
87 44 246
87 45 251
87 46 233
87 47 68
87 48 72
87 49 80
87 50 123
87 51 142
87 52 33
87 53 79
87 54 176
87 55 230
87 56 253
87 57 333
87 58 129
87 59 144
87 60 172
87 61 97
87 62 175
87 63 182
87 64 252
87 65 333
87 66 415
87 67 445
87 68 111
87 69 143
87 70 197
87 71 273
87 72 245
87 73 305
87 74 211
87 75 221
87 76 307
87 77 238
87 78 77
87 79 159
87 80 253
87 81 229
87 82 301
87 83 385
87 84 426
87 85 506
87 86 227
87 87 0
87 88 24
87 89 100
87 90 184
87 91 219
87 92 290
87 93 274
87 94 331
87 95 407
87 96 457
87 97 482
87 98 321
87 99 365
87 100 411
88 1 240
88 2 272
88 3 295
88 4 335
88 5 394
88 6 418
88 7 268
88 8 290
88 9 245
88 10 250
88 11 316
88 12 409
88 13 440
88 14 216
88 15 305
88 16 398
88 17 321
88 18 404
88 19 396
88 20 133
88 21 192
88 22 203
88 23 153
88 24 177
88 25 271
88 26 215
88 27 218
88 28 271
88 29 251
88 30 287
88 31 298
88 32 251
88 33 316
88 34 282
88 35 354
88 36 270
88 37 354
88 38 307
88 39 318
88 40 416
88 41 486
88 42 482
88 43 212
88 44 247
88 45 252
88 46 209
88 47 244
88 48 248
88 49 256
88 50 299
88 51 318
88 52 226
88 53 272
88 54 276
88 55 278
88 56 301
88 57 346
88 58 105
88 59 120
88 60 148
88 61 73
88 62 151
88 63 178
88 64 228
88 65 309
88 66 391
88 67 421
88 68 87
88 69 175
88 70 229
88 71 305
88 72 221
88 73 281
88 74 243
88 75 253
88 76 339
88 77 251
88 78 260
88 79 342
88 80 436
88 81 227
88 82 299
88 83 383
88 84 424
88 85 504
88 86 223
88 87 193
88 88 0
88 89 76
88 90 160
88 91 195
88 92 266
88 93 294
88 94 351
88 95 427
88 96 477
88 97 502
88 98 328
88 99 372
88 100 418
89 1 354
89 2 340
89 3 311
89 4 259
89 5 318
89 6 342
89 7 192
89 8 216
89 9 169
89 10 174
89 11 240
89 12 333
89 13 364
89 14 140
89 15 229
89 16 322
89 17 245
89 18 328
89 19 322
89 20 57
89 21 116
89 22 127
89 23 77
89 24 101
89 25 195
89 26 139
89 27 142
89 28 195
89 29 175
89 30 211
89 31 222
89 32 175
89 33 240
89 34 206
89 35 278
89 36 194
89 37 278
89 38 295
89 39 306
89 40 404
89 41 474
89 42 406
89 43 136
89 44 171
89 45 176
89 46 133
89 47 168
89 48 172
89 49 180
89 50 223
89 51 242
89 52 294
89 53 340
89 54 200
89 55 202
89 56 225
89 57 270
89 58 161
89 59 176
89 60 204
89 61 213
89 62 291
89 63 318
89 64 152
89 65 233
89 66 315
89 67 345
89 68 315
89 69 243
89 70 230
89 71 306
89 72 322
89 73 382
89 74 311
89 75 321
89 76 407
89 77 175
89 78 184
89 79 266
89 80 360
89 81 151
89 82 223
89 83 307
89 84 348
89 85 428
89 86 363
89 87 261
89 88 228
89 89 0
89 90 84
89 91 119
89 92 190
89 93 218
89 94 275
89 95 351
89 96 401
89 97 426
89 98 254
89 99 298
89 100 344
90 1 386
90 2 256
90 3 258
90 4 353
90 5 412
90 6 436
90 7 286
90 8 310
90 9 138
90 10 121
90 11 187
90 12 280
90 13 311
90 14 286
90 15 375
90 16 468
90 17 161
90 18 244
90 19 327
90 20 151
90 21 210
90 22 221
90 23 223
90 24 247
90 25 341
90 26 285
90 27 288
90 28 341
90 29 321
90 30 357
90 31 302
90 32 316
90 33 381
90 34 122
90 35 194
90 36 238
90 37 322
90 38 291
90 39 302
90 40 400
90 41 470
90 42 500
90 43 230
90 44 265
90 45 270
90 46 49
90 47 84
90 48 88
90 49 96
90 50 139
90 51 158
90 52 210
90 53 256
90 54 346
90 55 296
90 56 319
90 57 186
90 58 223
90 59 238
90 60 266
90 61 219
90 62 297
90 63 324
90 64 68
90 65 149
90 66 231
90 67 261
90 68 233
90 69 159
90 70 213
90 71 289
90 72 305
90 73 363
90 74 227
90 75 237
90 76 323
90 77 254
90 78 254
90 79 336
90 80 430
90 81 245
90 82 317
90 83 401
90 84 442
90 85 522
90 86 369
90 87 177
90 88 146
90 89 146
90 90 0
90 91 35
90 92 106
90 93 134
90 94 191
90 95 267
90 96 317
90 97 342
90 98 337
90 99 381
90 100 427
91 1 391
91 2 306
91 3 223
91 4 319
91 5 378
91 6 402
91 7 336
91 8 337
91 9 103
91 10 86
91 11 152
91 12 245
91 13 276
91 14 285
91 15 374
91 16 467
91 17 126
91 18 209
91 19 292
91 20 201
91 21 260
91 22 237
91 23 273
91 24 244
91 25 338
91 26 292
91 27 295
91 28 348
91 29 328
91 30 364
91 31 332
91 32 328
91 33 393
91 34 87
91 35 159
91 36 203
91 37 287
91 38 304
91 39 315
91 40 413
91 41 483
91 42 516
91 43 280
91 44 315
91 45 320
91 46 99
91 47 134
91 48 138
91 49 146
91 50 189
91 51 208
91 52 260
91 53 306
91 54 353
91 55 340
91 56 363
91 57 151
91 58 188
91 59 203
91 60 231
91 61 235
91 62 302
91 63 329
91 64 33
91 65 114
91 66 196
91 67 226
91 68 249
91 69 209
91 70 263
91 71 339
91 72 355
91 73 328
91 74 210
91 75 220
91 76 306
91 77 237
91 78 246
91 79 328
91 80 422
91 81 261
91 82 333
91 83 417
91 84 458
91 85 538
91 86 374
91 87 227
91 88 162
91 89 196
91 90 280
91 91 0
91 92 71
91 93 99
91 94 156
91 95 232
91 96 282
91 97 307
91 98 320
91 99 364
91 100 410
92 1 320
92 2 244
92 3 249
92 4 326
92 5 385
92 6 409
92 7 316
92 8 266
92 9 331
92 10 336
92 11 178
92 12 271
92 13 302
92 14 302
92 15 391
92 16 484
92 17 55
92 18 138
92 19 221
92 20 282
92 21 240
92 22 166
92 23 239
92 24 263
92 25 357
92 26 301
92 27 304
92 28 357
92 29 337
92 30 373
92 31 261
92 32 275
92 33 340
92 34 353
92 35 425
92 36 233
92 37 317
92 38 334
92 39 293
92 40 391
92 41 461
92 42 445
92 43 260
92 44 295
92 45 300
92 46 351
92 47 234
92 48 219
92 49 227
92 50 270
92 51 289
92 52 352
92 53 398
92 54 362
92 55 269
92 56 292
92 57 80
92 58 117
92 59 132
92 60 160
92 61 169
92 62 231
92 63 258
92 64 350
92 65 431
92 66 513
92 67 543
92 68 331
92 69 309
92 70 354
92 71 430
92 72 301
92 73 257
92 74 139
92 75 149
92 76 235
92 77 166
92 78 175
92 79 257
92 80 351
92 81 190
92 82 262
92 83 346
92 84 387
92 85 467
92 86 303
92 87 327
92 88 244
92 89 277
92 90 326
92 91 361
92 92 0
92 93 28
92 94 85
92 95 161
92 96 211
92 97 236
92 98 249
92 99 293
92 100 339
93 1 292
93 2 216
93 3 221
93 4 317
93 5 376
93 6 400
93 7 288
93 8 238
93 9 303
93 10 308
93 11 150
93 12 243
93 13 274
93 14 274
93 15 363
93 16 456
93 17 343
93 18 426
93 19 289
93 20 254
93 21 212
93 22 223
93 23 211
93 24 235
93 25 329
93 26 273
93 27 276
93 28 329
93 29 309
93 30 345
93 31 262
93 32 276
93 33 341
93 34 354
93 35 426
93 36 290
93 37 374
93 38 391
93 39 265
93 40 363
93 41 433
93 42 502
93 43 232
93 44 267
93 45 272
93 46 323
93 47 206
93 48 191
93 49 199
93 50 242
93 51 261
93 52 324
93 53 370
93 54 334
93 55 275
93 56 298
93 57 385
93 58 295
93 59 310
93 60 338
93 61 289
93 62 203
93 63 230
93 64 322
93 65 403
93 66 485
93 67 515
93 68 303
93 69 281
93 70 326
93 71 402
93 72 273
93 73 229
93 74 111
93 75 121
93 76 207
93 77 138
93 78 147
93 79 229
93 80 323
93 81 247
93 82 319
93 83 403
93 84 444
93 85 524
93 86 275
93 87 299
93 88 216
93 89 249
93 90 298
93 91 333
93 92 404
93 93 0
93 94 57
93 95 133
93 96 183
93 97 208
93 98 221
93 99 265
93 100 311
94 1 235
94 2 159
94 3 164
94 4 260
94 5 319
94 6 343
94 7 231
94 8 181
94 9 246
94 10 251
94 11 93
94 12 186
94 13 217
94 14 217
94 15 306
94 16 399
94 17 286
94 18 369
94 19 232
94 20 197
94 21 155
94 22 166
94 23 154
94 24 178
94 25 272
94 26 216
94 27 219
94 28 272
94 29 252
94 30 288
94 31 205
94 32 219
94 33 284
94 34 297
94 35 369
94 36 233
94 37 317
94 38 334
94 39 208
94 40 306
94 41 376
94 42 445
94 43 175
94 44 210
94 45 215
94 46 266
94 47 149
94 48 134
94 49 142
94 50 185
94 51 204
94 52 267
94 53 313
94 54 277
94 55 218
94 56 241
94 57 328
94 58 238
94 59 253
94 60 281
94 61 232
94 62 146
94 63 173
94 64 265
94 65 346
94 66 428
94 67 458
94 68 246
94 69 224
94 70 269
94 71 345
94 72 216
94 73 172
94 74 54
94 75 64
94 76 150
94 77 81
94 78 90
94 79 172
94 80 266
94 81 190
94 82 262
94 83 346
94 84 387
94 85 467
94 86 218
94 87 242
94 88 159
94 89 192
94 90 241
94 91 276
94 92 347
94 93 375
94 94 0
94 95 76
94 96 126
94 97 151
94 98 164
94 99 208
94 100 254
95 1 159
95 2 83
95 3 106
95 4 202
95 5 261
95 6 285
95 7 210
95 8 105
95 9 175
95 10 180
95 11 246
95 12 339
95 13 370
95 14 168
95 15 257
95 16 350
95 17 311
95 18 394
95 19 211
95 20 121
95 21 180
95 22 161
95 23 193
95 24 217
95 25 311
95 26 255
95 27 258
95 28 311
95 29 291
95 30 327
95 31 129
95 32 143
95 33 208
95 34 221
95 35 293
95 36 228
95 37 312
95 38 272
95 39 132
95 40 230
95 41 300
95 42 380
95 43 200
95 44 235
95 45 240
95 46 233
95 47 73
95 48 58
95 49 66
95 50 109
95 51 128
95 52 191
95 53 237
95 54 316
95 55 197
95 56 220
95 57 307
95 58 188
95 59 203
95 60 231
95 61 156
95 62 70
95 63 97
95 64 189
95 65 270
95 66 352
95 67 382
95 68 170
95 69 148
95 70 202
95 71 278
95 72 140
95 73 96
95 74 191
95 75 201
95 76 287
95 77 218
95 78 227
95 79 309
95 80 403
95 81 185
95 82 257
95 83 341
95 84 382
95 85 462
95 86 142
95 87 166
95 88 83
95 89 116
95 90 200
95 91 235
95 92 306
95 93 334
95 94 391
95 95 0
95 96 50
95 97 75
95 98 143
95 99 187
95 100 233
96 1 217
96 2 33
96 3 56
96 4 152
96 5 211
96 6 235
96 7 160
96 8 184
96 9 235
96 10 240
96 11 306
96 12 399
96 13 430
96 14 118
96 15 207
96 16 300
96 17 261
96 18 344
96 19 185
96 20 71
96 21 130
96 22 141
96 23 143
96 24 167
96 25 261
96 26 205
96 27 208
96 28 261
96 29 241
96 30 277
96 31 79
96 32 93
96 33 158
96 34 171
96 35 243
96 36 208
96 37 292
96 38 222
96 39 82
96 40 180
96 41 250
96 42 330
96 43 150
96 44 185
96 45 190
96 46 183
96 47 23
96 48 8
96 49 16
96 50 59
96 51 78
96 52 141
96 53 187
96 54 266
96 55 171
96 56 194
96 57 281
96 58 171
96 59 186
96 60 214
96 61 139
96 62 181
96 63 139
96 64 218
96 65 299
96 66 381
96 67 411
96 68 153
96 69 98
96 70 152
96 71 228
96 72 244
96 73 304
96 74 166
96 75 176
96 76 262
96 77 193
96 78 193
96 79 275
96 80 369
96 81 165
96 82 237
96 83 321
96 84 362
96 85 442
96 86 184
96 87 116
96 88 66
96 89 66
96 90 150
96 91 185
96 92 256
96 93 284
96 94 341
96 95 417
96 96 0
96 97 25
96 98 117
96 99 161
96 100 207
97 1 192
97 2 237
97 3 260
97 4 203
97 5 262
97 6 286
97 7 364
97 8 295
97 9 364
97 10 347
97 11 413
97 12 506
97 13 537
97 14 322
97 15 411
97 16 504
97 17 387
97 18 470
97 19 160
97 20 249
97 21 308
97 22 319
97 23 329
97 24 353
97 25 447
97 26 391
97 27 394
97 28 447
97 29 427
97 30 463
97 31 283
97 32 297
97 33 362
97 34 260
97 35 332
97 36 376
97 37 460
97 38 302
97 39 57
97 40 155
97 41 225
97 42 305
97 43 328
97 44 363
97 45 368
97 46 272
97 47 256
97 48 260
97 49 268
97 50 311
97 51 330
97 52 221
97 53 267
97 54 364
97 55 146
97 56 169
97 57 256
97 58 293
97 59 308
97 60 336
97 61 285
97 62 156
97 63 114
97 64 206
97 65 287
97 66 369
97 67 399
97 68 299
97 69 331
97 70 385
97 71 461
97 72 226
97 73 286
97 74 381
97 75 391
97 76 477
97 77 408
97 78 265
97 79 347
97 80 441
97 81 235
97 82 307
97 83 391
97 84 432
97 85 512
97 86 159
97 87 188
97 88 212
97 89 288
97 90 226
97 91 261
97 92 332
97 93 360
97 94 417
97 95 493
97 96 543
97 97 0
97 98 92
97 99 136
97 100 182
98 1 100
98 2 145
98 3 168
98 4 111
98 5 170
98 6 194
98 7 272
98 8 296
98 9 272
98 10 255
98 11 321
98 12 414
98 13 445
98 14 230
98 15 319
98 16 412
98 17 295
98 18 378
98 19 68
98 20 157
98 21 216
98 22 227
98 23 312
98 24 336
98 25 430
98 26 374
98 27 377
98 28 430
98 29 410
98 30 446
98 31 191
98 32 205
98 33 270
98 34 256
98 35 328
98 36 294
98 37 378
98 38 395
98 39 406
98 40 504
98 41 574
98 42 506
98 43 236
98 44 271
98 45 276
98 46 183
98 47 218
98 48 222
98 49 230
98 50 273
98 51 292
98 52 344
98 53 390
98 54 435
98 55 54
98 56 77
98 57 164
98 58 201
98 59 216
98 60 244
98 61 253
98 62 331
98 63 358
98 64 202
98 65 283
98 66 365
98 67 395
98 68 367
98 69 293
98 70 310
98 71 386
98 72 401
98 73 461
98 74 361
98 75 371
98 76 457
98 77 388
98 78 388
98 79 470
98 80 564
98 81 251
98 82 323
98 83 407
98 84 448
98 85 528
98 86 403
98 87 311
98 88 280
98 89 280
98 90 134
98 91 169
98 92 240
98 93 268
98 94 325
98 95 401
98 96 451
98 97 476
98 98 0
98 99 44
98 100 90
99 1 56
99 2 101
99 3 124
99 4 67
99 5 126
99 6 150
99 7 228
99 8 252
99 9 228
99 10 211
99 11 277
99 12 370
99 13 401
99 14 186
99 15 275
99 16 368
99 17 251
99 18 334
99 19 24
99 20 113
99 21 172
99 22 183
99 23 268
99 24 292
99 25 386
99 26 330
99 27 333
99 28 386
99 29 366
99 30 402
99 31 147
99 32 161
99 33 226
99 34 212
99 35 284
99 36 250
99 37 334
99 38 351
99 39 362
99 40 460
99 41 530
99 42 462
99 43 192
99 44 227
99 45 232
99 46 139
99 47 174
99 48 178
99 49 186
99 50 229
99 51 248
99 52 300
99 53 346
99 54 391
99 55 10
99 56 33
99 57 120
99 58 157
99 59 172
99 60 200
99 61 209
99 62 287
99 63 314
99 64 158
99 65 239
99 66 321
99 67 351
99 68 323
99 69 249
99 70 266
99 71 342
99 72 357
99 73 417
99 74 317
99 75 327
99 76 413
99 77 344
99 78 344
99 79 426
99 80 520
99 81 207
99 82 279
99 83 363
99 84 404
99 85 484
99 86 359
99 87 267
99 88 236
99 89 236
99 90 90
99 91 125
99 92 196
99 93 224
99 94 281
99 95 357
99 96 407
99 97 432
99 98 86
99 99 0
99 100 46
100 1 10
100 2 55
100 3 78
100 4 174
100 5 233
100 6 257
100 7 182
100 8 206
100 9 276
100 10 281
100 11 347
100 12 440
100 13 471
100 14 140
100 15 229
100 16 322
100 17 344
100 18 427
100 19 312
100 20 307
100 21 366
100 22 260
100 23 337
100 24 361
100 25 455
100 26 399
100 27 346
100 28 399
100 29 435
100 30 471
100 31 101
100 32 115
100 33 180
100 34 193
100 35 265
100 36 309
100 37 393
100 38 410
100 39 421
100 40 519
100 41 589
100 42 539
100 43 386
100 44 421
100 45 426
100 46 205
100 47 240
100 48 244
100 49 252
100 50 295
100 51 314
100 52 366
100 53 412
100 54 460
100 55 298
100 56 321
100 57 356
100 58 393
100 59 408
100 60 436
100 61 375
100 62 453
100 63 478
100 64 412
100 65 493
100 66 575
100 67 605
100 68 389
100 69 315
100 70 220
100 71 296
100 72 312
100 73 372
100 74 383
100 75 393
100 76 479
100 77 395
100 78 404
100 79 486
100 80 580
100 81 284
100 82 356
100 83 440
100 84 481
100 85 561
100 86 523
100 87 333
100 88 302
100 89 260
100 90 344
100 91 379
100 92 450
100 93 478
100 94 535
100 95 611
100 96 661
100 97 686
100 98 244
100 99 288
100 100 0
