100 200 10
1 1 0
1 2 77
1 3 139
1 4 229
1 5 250
1 6 267
1 7 286
1 8 297
1 9 301
1 10 304
1 11 320
1 12 387
1 13 422
1 14 257
1 15 271
1 16 314
1 17 325
1 18 331
1 19 386
1 20 239
1 21 152
1 22 242
1 23 211
1 24 91
1 25 114
1 26 163
1 27 225
1 28 128
1 29 153
1 30 245
1 31 239
1 32 280
1 33 182
1 34 279
1 35 71
1 36 85
1 37 103
1 38 172
1 39 244
1 40 111
1 41 167
1 42 214
1 43 287
1 44 156
1 45 138
1 46 189
1 47 213
1 48 156
1 49 203
1 50 290
1 51 49
1 52 137
1 53 197
1 54 293
1 55 303
1 56 227
1 57 252
1 58 249
1 59 106
1 60 141
1 61 227
1 62 312
1 63 189
1 64 218
1 65 227
1 66 62
1 67 105
1 68 164
1 69 172
1 70 182
1 71 240
1 72 186
1 73 144
1 74 238
1 75 322
1 76 391
1 77 311
1 78 347
1 79 364
1 80 411
1 81 315
1 82 187
1 83 271
1 84 185
1 85 175
1 86 273
1 87 366
1 88 311
1 89 384
1 90 401
1 91 427
1 92 125
1 93 144
1 94 174
1 95 250
1 96 168
1 97 205
1 98 251
1 99 260
1 100 299
2 1 370
2 2 0
2 3 62
2 4 152
2 5 173
2 6 190
2 7 209
2 8 220
2 9 224
2 10 227
2 11 243
2 12 310
2 13 345
2 14 270
2 15 284
2 16 327
2 17 338
2 18 303
2 19 358
2 20 325
2 21 75
2 22 165
2 23 134
2 24 115
2 25 119
2 26 168
2 27 174
2 28 152
2 29 177
2 30 197
2 31 162
2 32 203
2 33 105
2 34 202
2 35 203
2 36 109
2 37 75
2 38 144
2 39 216
2 40 233
2 41 162
2 42 219
2 43 297
2 44 161
2 45 61
2 46 112
2 47 136
2 48 169
2 49 216
2 50 303
2 51 374
2 52 308
2 53 284
2 54 380
2 55 390
2 56 150
2 57 175
2 58 172
2 59 157
2 60 192
2 61 278
2 62 315
2 63 112
2 64 141
2 65 189
2 66 228
2 67 271
2 68 250
2 69 258
2 70 268
2 71 326
2 72 199
2 73 67
2 74 161
2 75 245
2 76 314
2 77 234
2 78 270
2 79 287
2 80 334
2 81 328
2 82 309
2 83 311
2 84 108
2 85 98
2 86 196
2 87 289
2 88 316
2 89 389
2 90 387
2 91 413
2 92 257
2 93 276
2 94 306
2 95 382
2 96 181
2 97 218
2 98 264
2 99 265
2 100 304
3 1 493
3 2 570
3 3 0
3 4 90
3 5 112
3 6 129
3 7 148
3 8 159
3 9 163
3 10 166
3 11 182
3 12 249
3 13 284
3 14 305
3 15 319
3 16 362
3 17 373
3 18 350
3 19 405
3 20 268
3 21 348
3 22 438
3 23 422
3 24 342
3 25 365
3 26 199
3 27 261
3 28 357
3 29 382
3 30 322
3 31 143
3 32 184
3 33 224
3 34 321
3 35 322
3 36 336
3 37 122
3 38 191
3 39 263
3 40 280
3 41 336
3 42 250
3 43 328
3 44 250
3 45 349
3 46 400
3 47 424
3 48 325
3 49 372
3 50 459
3 51 530
3 52 431
3 53 331
3 54 427
3 55 437
3 56 348
3 57 328
3 58 325
3 59 397
3 60 432
3 61 445
3 62 305
3 63 323
3 64 352
3 65 355
3 66 354
3 67 397
3 68 297
3 69 201
3 70 211
3 71 269
3 72 331
3 73 380
3 74 474
3 75 558
3 76 318
3 77 173
3 78 209
3 79 226
3 80 273
3 81 361
3 82 356
3 83 358
3 84 306
3 85 363
3 86 461
3 87 554
3 88 347
3 89 420
3 90 434
3 91 460
3 92 376
3 93 395
3 94 305
3 95 381
3 96 296
3 97 333
3 98 379
3 99 388
3 100 427
4 1 403
4 2 480
4 3 175
4 4 0
4 5 22
4 6 39
4 7 58
4 8 69
4 9 73
4 10 76
4 11 92
4 12 159
4 13 194
4 14 215
4 15 229
4 16 272
4 17 283
4 18 260
4 19 315
4 20 178
4 21 258
4 22 348
4 23 332
4 24 252
4 25 275
4 26 109
4 27 171
4 28 267
4 29 292
4 30 232
4 31 53
4 32 94
4 33 134
4 34 231
4 35 232
4 36 246
4 37 32
4 38 101
4 39 173
4 40 190
4 41 246
4 42 160
4 43 238
4 44 160
4 45 259
4 46 310
4 47 334
4 48 235
4 49 282
4 50 369
4 51 440
4 52 341
4 53 241
4 54 337
4 55 347
4 56 258
4 57 238
4 58 235
4 59 307
4 60 342
4 61 355
4 62 215
4 63 233
4 64 262
4 65 265
4 66 264
4 67 307
4 68 207
4 69 111
4 70 121
4 71 179
4 72 241
4 73 290
4 74 384
4 75 468
4 76 228
4 77 83
4 78 119
4 79 136
4 80 183
4 81 271
4 82 266
4 83 268
4 84 216
4 85 273
4 86 371
4 87 464
4 88 257
4 89 330
4 90 344
4 91 370
4 92 286
4 93 305
4 94 215
4 95 291
4 96 206
4 97 243
4 98 289
4 99 298
4 100 337
5 1 381
5 2 458
5 3 153
5 4 243
5 5 0
5 6 17
5 7 36
5 8 47
5 9 51
5 10 54
5 11 70
5 12 137
5 13 172
5 14 193
5 15 207
5 16 250
5 17 261
5 18 352
5 19 407
5 20 156
5 21 236
5 22 326
5 23 310
5 24 268
5 25 291
5 26 223
5 27 285
5 28 305
5 29 330
5 30 210
5 31 287
5 32 328
5 33 266
5 34 363
5 35 364
5 36 262
5 37 275
5 38 344
5 39 416
5 40 291
5 41 338
5 42 274
5 43 306
5 44 138
5 45 237
5 46 288
5 47 312
5 48 336
5 49 383
5 50 470
5 51 430
5 52 319
5 53 378
5 54 474
5 55 484
5 56 236
5 57 216
5 58 213
5 59 285
5 60 320
5 61 333
5 62 193
5 63 211
5 64 240
5 65 243
5 66 242
5 67 285
5 68 344
5 69 89
5 70 99
5 71 157
5 72 219
5 73 268
5 74 362
5 75 446
5 76 206
5 77 61
5 78 97
5 79 114
5 80 161
5 81 249
5 82 288
5 83 372
5 84 194
5 85 251
5 86 349
5 87 442
5 88 371
5 89 444
5 90 337
5 91 363
5 92 418
5 93 437
5 94 193
5 95 269
5 96 184
5 97 221
5 98 267
5 99 276
5 100 315
6 1 364
6 2 441
6 3 136
6 4 226
6 5 248
6 6 0
6 7 19
6 8 30
6 9 34
6 10 37
6 11 53
6 12 120
6 13 155
6 14 176
6 15 190
6 16 233
6 17 244
6 18 335
6 19 390
6 20 139
6 21 219
6 22 309
6 23 293
6 24 251
6 25 274
6 26 206
6 27 268
6 28 288
6 29 313
6 30 193
6 31 270
6 32 311
6 33 249
6 34 346
6 35 347
6 36 245
6 37 258
6 38 327
6 39 399
6 40 274
6 41 321
6 42 257
6 43 289
6 44 121
6 45 220
6 46 271
6 47 295
6 48 319
6 49 366
6 50 453
6 51 413
6 52 302
6 53 361
6 54 457
6 55 467
6 56 219
6 57 199
6 58 196
6 59 268
6 60 303
6 61 316
6 62 176
6 63 194
6 64 223
6 65 226
6 66 225
6 67 268
6 68 327
6 69 72
6 70 82
6 71 140
6 72 202
6 73 251
6 74 345
6 75 429
6 76 189
6 77 44
6 78 80
6 79 97
6 80 144
6 81 232
6 82 271
6 83 355
6 84 177
6 85 234
6 86 332
6 87 425
6 88 354
6 89 427
6 90 320
6 91 346
6 92 401
6 93 420
6 94 176
6 95 252
6 96 167
6 97 204
6 98 250
6 99 259
6 100 298
7 1 345
7 2 422
7 3 117
7 4 207
7 5 229
7 6 246
7 7 0
7 8 11
7 9 15
7 10 18
7 11 34
7 12 101
7 13 136
7 14 157
7 15 171
7 16 214
7 17 225
7 18 316
7 19 371
7 20 120
7 21 200
7 22 290
7 23 274
7 24 232
7 25 255
7 26 187
7 27 249
7 28 269
7 29 294
7 30 174
7 31 251
7 32 292
7 33 230
7 34 327
7 35 328
7 36 226
7 37 239
7 38 308
7 39 380
7 40 255
7 41 302
7 42 238
7 43 270
7 44 102
7 45 201
7 46 252
7 47 276
7 48 300
7 49 347
7 50 434
7 51 394
7 52 283
7 53 342
7 54 438
7 55 448
7 56 200
7 57 180
7 58 177
7 59 249
7 60 284
7 61 297
7 62 157
7 63 175
7 64 204
7 65 207
7 66 206
7 67 249
7 68 308
7 69 53
7 70 63
7 71 121
7 72 183
7 73 232
7 74 326
7 75 410
7 76 170
7 77 25
7 78 61
7 79 78
7 80 125
7 81 213
7 82 252
7 83 336
7 84 158
7 85 215
7 86 313
7 87 406
7 88 335
7 89 408
7 90 301
7 91 327
7 92 382
7 93 401
7 94 157
7 95 233
7 96 148
7 97 185
7 98 231
7 99 240
7 100 279
8 1 334
8 2 411
8 3 106
8 4 196
8 5 218
8 6 235
8 7 57
8 8 0
8 9 4
8 10 7
8 11 23
8 12 90
8 13 125
8 14 146
8 15 160
8 16 203
8 17 214
8 18 305
8 19 360
8 20 109
8 21 189
8 22 279
8 23 263
8 24 221
8 25 244
8 26 176
8 27 238
8 28 258
8 29 283
8 30 163
8 31 240
8 32 281
8 33 219
8 34 316
8 35 317
8 36 215
8 37 228
8 38 297
8 39 369
8 40 244
8 41 291
8 42 227
8 43 259
8 44 91
8 45 190
8 46 241
8 47 265
8 48 289
8 49 336
8 50 423
8 51 383
8 52 272
8 53 331
8 54 427
8 55 437
8 56 189
8 57 169
8 58 166
8 59 238
8 60 273
8 61 286
8 62 146
8 63 164
8 64 193
8 65 196
8 66 195
8 67 238
8 68 297
8 69 42
8 70 52
8 71 110
8 72 172
8 73 221
8 74 315
8 75 399
8 76 159
8 77 14
8 78 50
8 79 67
8 80 114
8 81 202
8 82 241
8 83 325
8 84 147
8 85 204
8 86 302
8 87 395
8 88 324
8 89 397
8 90 290
8 91 316
8 92 371
8 93 390
8 94 146
8 95 222
8 96 137
8 97 174
8 98 220
8 99 229
8 100 268
9 1 330
9 2 407
9 3 102
9 4 192
9 5 214
9 6 231
9 7 53
9 8 64
9 9 0
9 10 3
9 11 19
9 12 86
9 13 121
9 14 142
9 15 156
9 16 199
9 17 210
9 18 301
9 19 356
9 20 105
9 21 185
9 22 275
9 23 259
9 24 217
9 25 240
9 26 172
9 27 234
9 28 254
9 29 279
9 30 159
9 31 236
9 32 277
9 33 215
9 34 312
9 35 313
9 36 211
9 37 224
9 38 293
9 39 365
9 40 240
9 41 287
9 42 223
9 43 255
9 44 87
9 45 186
9 46 237
9 47 261
9 48 285
9 49 332
9 50 419
9 51 379
9 52 268
9 53 327
9 54 423
9 55 433
9 56 185
9 57 165
9 58 162
9 59 234
9 60 269
9 61 282
9 62 142
9 63 160
9 64 189
9 65 192
9 66 191
9 67 234
9 68 293
9 69 38
9 70 48
9 71 106
9 72 168
9 73 217
9 74 311
9 75 395
9 76 155
9 77 10
9 78 46
9 79 63
9 80 110
9 81 198
9 82 237
9 83 321
9 84 143
9 85 200
9 86 298
9 87 391
9 88 320
9 89 393
9 90 286
9 91 312
9 92 367
9 93 386
9 94 142
9 95 218
9 96 133
9 97 170
9 98 216
9 99 225
9 100 264
10 1 327
10 2 404
10 3 362
10 4 452
10 5 467
10 6 375
10 7 394
10 8 405
10 9 409
10 10 0
10 11 16
10 12 83
10 13 118
10 14 139
10 15 153
10 16 196
10 17 207
10 18 298
10 19 353
10 20 365
10 21 197
10 22 287
10 23 256
10 24 214
10 25 237
10 26 254
10 27 296
10 28 251
10 29 276
10 30 156
10 31 233
10 32 274
10 33 227
10 34 324
10 35 325
10 36 208
10 37 226
10 38 295
10 39 367
10 40 237
10 41 284
10 42 305
10 43 383
10 44 84
10 45 183
10 46 234
10 47 258
10 48 282
10 49 329
10 50 416
10 51 376
10 52 265
10 53 324
10 54 420
10 55 430
10 56 272
10 57 171
10 58 227
10 59 232
10 60 267
10 61 279
10 62 364
10 63 382
10 64 411
10 65 189
10 66 188
10 67 231
10 68 290
10 69 298
10 70 308
10 71 366
10 72 312
10 73 361
10 74 455
10 75 539
10 76 564
10 77 419
10 78 455
10 79 472
10 80 519
10 81 197
10 82 236
10 83 320
10 84 230
10 85 197
10 86 295
10 87 388
10 88 402
10 89 475
10 90 283
10 91 309
10 92 379
10 93 398
10 94 428
10 95 457
10 96 130
10 97 167
10 98 213
10 99 222
10 100 261
11 1 311
11 2 388
11 3 346
11 4 436
11 5 451
11 6 359
11 7 378
11 8 389
11 9 393
11 10 396
11 11 0
11 12 67
11 13 102
11 14 123
11 15 137
11 16 180
11 17 191
11 18 282
11 19 337
11 20 349
11 21 181
11 22 271
11 23 240
11 24 198
11 25 221
11 26 238
11 27 280
11 28 235
11 29 260
11 30 140
11 31 217
11 32 258
11 33 211
11 34 308
11 35 309
11 36 192
11 37 210
11 38 279
11 39 351
11 40 221
11 41 268
11 42 289
11 43 367
11 44 68
11 45 167
11 46 218
11 47 242
11 48 266
11 49 313
11 50 400
11 51 360
11 52 249
11 53 308
11 54 404
11 55 414
11 56 256
11 57 155
11 58 211
11 59 216
11 60 251
11 61 263
11 62 348
11 63 366
11 64 395
11 65 173
11 66 172
11 67 215
11 68 274
11 69 282
11 70 292
11 71 350
11 72 296
11 73 345
11 74 439
11 75 523
11 76 548
11 77 403
11 78 439
11 79 456
11 80 503
11 81 181
11 82 220
11 83 304
11 84 214
11 85 181
11 86 279
11 87 372
11 88 386
11 89 459
11 90 267
11 91 293
11 92 363
11 93 382
11 94 412
11 95 441
11 96 114
11 97 151
11 98 197
11 99 206
11 100 245
12 1 244
12 2 321
12 3 279
12 4 369
12 5 384
12 6 292
12 7 311
12 8 322
12 9 326
12 10 329
12 11 345
12 12 0
12 13 35
12 14 56
12 15 70
12 16 113
12 17 124
12 18 215
12 19 270
12 20 282
12 21 114
12 22 204
12 23 173
12 24 131
12 25 154
12 26 171
12 27 213
12 28 168
12 29 193
12 30 73
12 31 150
12 32 191
12 33 144
12 34 241
12 35 242
12 36 125
12 37 143
12 38 212
12 39 284
12 40 154
12 41 201
12 42 222
12 43 300
12 44 1
12 45 100
12 46 151
12 47 175
12 48 199
12 49 246
12 50 333
12 51 293
12 52 182
12 53 241
12 54 337
12 55 347
12 56 189
12 57 88
12 58 144
12 59 149
12 60 184
12 61 196
12 62 281
12 63 299
12 64 328
12 65 106
12 66 105
12 67 148
12 68 207
12 69 215
12 70 225
12 71 283
12 72 229
12 73 278
12 74 372
12 75 456
12 76 481
12 77 336
12 78 372
12 79 389
12 80 436
12 81 114
12 82 153
12 83 237
12 84 147
12 85 114
12 86 212
12 87 305
12 88 319
12 89 392
12 90 200
12 91 226
12 92 296
12 93 315
12 94 345
12 95 374
12 96 47
12 97 84
12 98 130
12 99 139
12 100 178
13 1 307
13 2 384
13 3 244
13 4 334
13 5 349
13 6 257
13 7 276
13 8 287
13 9 291
13 10 294
13 11 310
13 12 377
13 13 0
13 14 21
13 15 35
13 16 78
13 17 89
13 18 180
13 19 235
13 20 247
13 21 249
13 22 339
13 23 241
13 24 96
13 25 119
13 26 136
13 27 198
13 28 133
13 29 158
13 30 38
13 31 115
13 32 156
13 33 196
13 34 293
13 35 294
13 36 90
13 37 108
13 38 177
13 39 249
13 40 119
13 41 175
13 42 187
13 43 265
13 44 136
13 45 235
13 46 286
13 47 310
13 48 164
13 49 211
13 50 298
13 51 356
13 52 167
13 53 206
13 54 302
13 55 312
13 56 267
13 57 53
13 58 109
13 59 114
13 60 149
13 61 161
13 62 246
13 63 264
13 64 293
13 65 235
13 66 70
13 67 113
13 68 172
13 69 180
13 70 190
13 71 248
13 72 194
13 73 243
13 74 337
13 75 421
13 76 446
13 77 301
13 78 337
13 79 354
13 80 401
13 81 79
13 82 118
13 83 202
13 84 258
13 85 79
13 86 177
13 87 270
13 88 284
13 89 357
13 90 165
13 91 191
13 92 264
13 93 283
13 94 313
13 95 339
13 96 176
13 97 213
13 98 259
13 99 202
13 100 241
14 1 324
14 2 401
14 3 223
14 4 313
14 5 328
14 6 236
14 7 255
14 8 266
14 9 270
14 10 273
14 11 289
14 12 356
14 13 391
14 14 0
14 15 14
14 16 57
14 17 68
14 18 159
14 19 214
14 20 226
14 21 228
14 22 318
14 23 220
14 24 270
14 25 272
14 26 115
14 27 177
14 28 273
14 29 298
14 30 350
14 31 232
14 32 273
14 33 175
14 34 272
14 35 273
14 36 264
14 37 259
14 38 328
14 39 400
14 40 98
14 41 154
14 42 166
14 43 244
14 44 115
14 45 214
14 46 265
14 47 289
14 48 143
14 49 190
14 50 277
14 51 348
14 52 146
14 53 185
14 54 281
14 55 291
14 56 246
14 57 302
14 58 327
14 59 93
14 60 128
14 61 140
14 62 225
14 63 243
14 64 272
14 65 214
14 66 49
14 67 92
14 68 151
14 69 159
14 70 169
14 71 227
14 72 173
14 73 222
14 74 316
14 75 400
14 76 425
14 77 280
14 78 316
14 79 333
14 80 380
14 81 58
14 82 97
14 83 181
14 84 237
14 85 253
14 86 351
14 87 444
14 88 263
14 89 336
14 90 144
14 91 170
14 92 243
14 93 262
14 94 292
14 95 318
14 96 155
14 97 192
14 98 238
14 99 219
14 100 258
15 1 310
15 2 387
15 3 285
15 4 375
15 5 397
15 6 222
15 7 241
15 8 252
15 9 256
15 10 259
15 11 275
15 12 342
15 13 377
15 14 236
15 15 0
15 16 43
15 17 54
15 18 145
15 19 200
15 20 233
15 21 214
15 22 304
15 23 273
15 24 299
15 25 258
15 26 101
15 27 163
15 28 259
15 29 284
15 30 336
15 31 301
15 32 342
15 33 244
15 34 341
15 35 342
15 36 293
15 37 245
15 38 314
15 39 386
15 40 294
15 41 301
15 42 152
15 43 230
15 44 101
15 45 200
15 46 251
15 47 275
15 48 308
15 49 355
15 50 442
15 51 359
15 52 248
15 53 308
15 54 404
15 55 414
15 56 265
15 57 321
15 58 377
15 59 80
15 60 115
15 61 126
15 62 211
15 63 229
15 64 258
15 65 206
15 66 245
15 67 288
15 68 347
15 69 294
15 70 304
15 71 362
15 72 338
15 73 354
15 74 448
15 75 532
15 76 411
15 77 266
15 78 302
15 79 319
15 80 366
15 81 44
15 82 83
15 83 167
15 84 223
15 85 282
15 86 380
15 87 473
15 88 249
15 89 322
15 90 130
15 91 156
15 92 229
15 93 248
15 94 278
15 95 354
15 96 147
15 97 184
15 98 230
15 99 205
15 100 244
16 1 267
16 2 344
16 3 315
16 4 405
16 5 427
16 6 179
16 7 198
16 8 209
16 9 213
16 10 216
16 11 232
16 12 299
16 13 334
16 14 355
16 15 369
16 16 0
16 17 11
16 18 102
16 19 157
16 20 190
16 21 270
16 22 360
16 23 279
16 24 358
16 25 381
16 26 265
16 27 327
16 28 395
16 29 420
16 30 372
16 31 357
16 32 398
16 33 300
16 34 397
16 35 338
16 36 352
16 37 202
16 38 271
16 39 343
16 40 351
16 41 407
16 42 316
16 43 348
16 44 300
16 45 399
16 46 450
16 47 474
16 48 396
16 49 443
16 50 530
16 51 316
16 52 205
16 53 265
16 54 361
16 55 371
16 56 305
16 57 361
16 58 375
16 59 346
16 60 381
16 61 83
16 62 168
16 63 186
16 64 215
16 65 263
16 66 302
16 67 345
16 68 377
16 69 251
16 70 261
16 71 319
16 72 381
16 73 411
16 74 505
16 75 589
16 76 368
16 77 223
16 78 259
16 79 276
16 80 323
16 81 411
16 82 427
16 83 438
16 84 303
16 85 385
16 86 483
16 87 576
16 88 413
16 89 486
16 90 87
16 91 113
16 92 186
16 93 205
16 94 235
16 95 311
16 96 342
16 97 379
16 98 425
16 99 162
16 100 201
17 1 256
17 2 333
17 3 304
17 4 394
17 5 416
17 6 168
17 7 187
17 8 198
17 9 202
17 10 205
17 11 221
17 12 288
17 13 323
17 14 344
17 15 358
17 16 401
17 17 0
17 18 91
17 19 146
17 20 179
17 21 259
17 22 349
17 23 268
17 24 347
17 25 370
17 26 254
17 27 316
17 28 384
17 29 409
17 30 361
17 31 346
17 32 387
17 33 289
17 34 386
17 35 327
17 36 341
17 37 191
17 38 260
17 39 332
17 40 340
17 41 396
17 42 305
17 43 337
17 44 289
17 45 388
17 46 439
17 47 463
17 48 385
17 49 432
17 50 519
17 51 305
17 52 194
17 53 254
17 54 350
17 55 360
17 56 294
17 57 350
17 58 364
17 59 335
17 60 370
17 61 72
17 62 157
17 63 175
17 64 204
17 65 252
17 66 291
17 67 334
17 68 366
17 69 240
17 70 250
17 71 308
17 72 370
17 73 400
17 74 494
17 75 578
17 76 357
17 77 212
17 78 248
17 79 265
17 80 312
17 81 400
17 82 416
17 83 427
17 84 292
17 85 374
17 86 472
17 87 565
17 88 402
17 89 475
17 90 76
17 91 102
17 92 175
17 93 194
17 94 224
17 95 300
17 96 331
17 97 368
17 98 414
17 99 151
17 100 190
18 1 264
18 2 341
18 3 400
18 4 438
18 5 460
18 6 477
18 7 496
18 8 507
18 9 511
18 10 514
18 11 530
18 12 597
18 13 632
18 14 428
18 15 442
18 16 485
18 17 496
18 18 0
18 19 55
18 20 88
18 21 168
18 22 258
18 23 276
18 24 300
18 25 323
18 26 262
18 27 267
18 28 337
18 29 362
18 30 454
18 31 255
18 32 296
18 33 198
18 34 295
18 35 296
18 36 294
18 37 199
18 38 268
18 39 340
18 40 357
18 41 413
18 42 313
18 43 345
18 44 365
18 45 402
18 46 453
18 47 477
18 48 402
18 49 449
18 50 536
18 51 313
18 52 202
18 53 262
18 54 358
18 55 368
18 56 243
18 57 299
18 58 355
18 59 361
18 60 396
18 61 482
18 62 567
18 63 453
18 64 482
18 65 398
18 66 326
18 67 369
18 68 374
18 69 382
18 70 392
18 71 450
18 72 432
18 73 408
18 74 502
18 75 586
18 76 655
18 77 521
18 78 557
18 79 574
18 80 621
18 81 486
18 82 433
18 83 435
18 84 201
18 85 283
18 86 381
18 87 474
18 88 410
18 89 483
18 90 84
18 91 110
18 92 183
18 93 202
18 94 232
18 95 308
18 96 339
18 97 376
18 98 422
18 99 159
18 100 198
19 1 498
19 2 575
19 3 440
19 4 530
19 5 552
19 6 523
19 7 542
19 8 553
19 9 557
19 10 560
19 11 576
19 12 643
19 13 678
19 14 445
19 15 459
19 16 502
19 17 513
19 18 485
19 19 0
19 20 33
19 21 113
19 22 203
19 23 284
19 24 245
19 25 268
19 26 256
19 27 212
19 28 282
19 29 307
19 30 399
19 31 200
19 32 241
19 33 143
19 34 240
19 35 241
19 36 239
19 37 257
19 38 326
19 39 398
19 40 415
19 41 471
19 42 307
19 43 385
19 44 310
19 45 409
19 46 460
19 47 484
19 48 460
19 49 507
19 50 594
19 51 547
19 52 436
19 53 466
19 54 562
19 55 572
19 56 188
19 57 244
19 58 300
19 59 306
19 60 341
19 61 427
19 62 512
19 63 530
19 64 559
19 65 415
19 66 454
19 67 497
19 68 432
19 69 440
19 70 450
19 71 508
19 72 490
19 73 509
19 74 603
19 75 687
19 76 712
19 77 567
19 78 603
19 79 620
19 80 667
19 81 503
19 82 491
19 83 493
19 84 146
19 85 228
19 86 326
19 87 419
19 88 404
19 89 477
19 90 542
19 91 568
19 92 295
19 93 314
19 94 344
19 95 420
19 96 356
19 97 393
19 98 439
19 99 393
19 100 432
20 1 465
20 2 542
20 3 407
20 4 497
20 5 519
20 6 490
20 7 509
20 8 520
20 9 524
20 10 527
20 11 543
20 12 610
20 13 645
20 14 412
20 15 426
20 16 469
20 17 480
20 18 452
20 19 507
20 20 0
20 21 80
20 22 170
20 23 251
20 24 212
20 25 235
20 26 223
20 27 179
20 28 249
20 29 274
20 30 366
20 31 167
20 32 208
20 33 110
20 34 207
20 35 208
20 36 206
20 37 224
20 38 293
20 39 365
20 40 382
20 41 438
20 42 274
20 43 352
20 44 277
20 45 376
20 46 427
20 47 451
20 48 427
20 49 474
20 50 561
20 51 514
20 52 403
20 53 433
20 54 529
20 55 539
20 56 155
20 57 211
20 58 267
20 59 273
20 60 308
20 61 394
20 62 479
20 63 497
20 64 526
20 65 382
20 66 421
20 67 464
20 68 399
20 69 407
20 70 417
20 71 475
20 72 457
20 73 476
20 74 570
20 75 654
20 76 679
20 77 534
20 78 570
20 79 587
20 80 634
20 81 470
20 82 458
20 83 460
20 84 113
20 85 195
20 86 293
20 87 386
20 88 371
20 89 444
20 90 509
20 91 535
20 92 262
20 93 281
20 94 311
20 95 387
20 96 323
20 97 360
20 98 406
20 99 360
20 100 399
21 1 385
21 2 462
21 3 327
21 4 417
21 5 439
21 6 410
21 7 429
21 8 440
21 9 444
21 10 447
21 11 463
21 12 530
21 13 565
21 14 332
21 15 346
21 16 389
21 17 400
21 18 372
21 19 427
21 20 394
21 21 0
21 22 90
21 23 171
21 24 132
21 25 155
21 26 143
21 27 99
21 28 169
21 29 194
21 30 286
21 31 87
21 32 128
21 33 30
21 34 127
21 35 128
21 36 126
21 37 144
21 38 213
21 39 285
21 40 302
21 41 358
21 42 194
21 43 272
21 44 197
21 45 296
21 46 347
21 47 371
21 48 347
21 49 394
21 50 481
21 51 434
21 52 323
21 53 353
21 54 449
21 55 459
21 56 75
21 57 131
21 58 187
21 59 193
21 60 228
21 61 314
21 62 399
21 63 417
21 64 446
21 65 302
21 66 341
21 67 384
21 68 319
21 69 327
21 70 337
21 71 395
21 72 377
21 73 396
21 74 490
21 75 574
21 76 599
21 77 454
21 78 490
21 79 507
21 80 554
21 81 390
21 82 378
21 83 380
21 84 33
21 85 115
21 86 213
21 87 306
21 88 291
21 89 364
21 90 429
21 91 455
21 92 182
21 93 201
21 94 231
21 95 307
21 96 243
21 97 280
21 98 326
21 99 280
21 100 319
22 1 417
22 2 494
22 3 428
22 4 518
22 5 540
22 6 450
22 7 469
22 8 480
22 9 484
22 10 487
22 11 503
22 12 570
22 13 605
22 14 372
22 15 386
22 16 429
22 17 440
22 18 531
22 19 586
22 20 516
22 21 350
22 22 0
22 23 81
22 24 172
22 25 195
22 26 244
22 27 9
22 28 105
22 29 130
22 30 222
22 31 299
22 32 340
22 33 380
22 34 477
22 35 478
22 36 429
22 37 447
22 38 516
22 39 588
22 40 430
22 41 437
22 42 295
22 43 373
22 44 237
22 45 336
22 46 387
22 47 411
22 48 444
22 49 491
22 50 578
22 51 466
22 52 355
22 53 415
22 54 511
22 55 521
22 56 107
22 57 163
22 58 219
22 59 233
22 60 268
22 61 354
22 62 439
22 63 457
22 64 486
22 65 342
22 66 381
22 67 424
22 68 483
22 69 491
22 70 501
22 71 559
22 72 474
22 73 497
22 74 591
22 75 675
22 76 639
22 77 494
22 78 530
22 79 547
22 80 594
22 81 430
22 82 469
22 83 553
22 84 383
22 85 418
22 86 516
22 87 609
22 88 392
22 89 465
22 90 516
22 91 542
22 92 532
22 93 551
22 94 581
22 95 548
22 96 283
22 97 320
22 98 366
22 99 312
22 100 351
23 1 336
23 2 413
23 3 347
23 4 437
23 5 459
23 6 369
23 7 388
23 8 399
23 9 403
23 10 406
23 11 422
23 12 489
23 13 524
23 14 291
23 15 305
23 16 348
23 17 359
23 18 450
23 19 505
23 20 435
23 21 269
23 22 359
23 23 0
23 24 91
23 25 114
23 26 163
23 27 225
23 28 128
23 29 153
23 30 245
23 31 322
23 32 363
23 33 299
23 34 396
23 35 397
23 36 348
23 37 366
23 38 435
23 39 507
23 40 349
23 41 356
23 42 214
23 43 292
23 44 156
23 45 255
23 46 306
23 47 330
23 48 363
23 49 410
23 50 497
23 51 385
23 52 274
23 53 334
23 54 430
23 55 440
23 56 26
23 57 82
23 58 138
23 59 152
23 60 187
23 61 273
23 62 358
23 63 376
23 64 405
23 65 261
23 66 300
23 67 343
23 68 402
23 69 410
23 70 420
23 71 478
23 72 393
23 73 416
23 74 510
23 75 594
23 76 558
23 77 413
23 78 449
23 79 466
23 80 513
23 81 349
23 82 388
23 83 472
23 84 302
23 85 337
23 86 435
23 87 528
23 88 311
23 89 384
23 90 435
23 91 461
23 92 451
23 93 470
23 94 500
23 95 467
23 96 202
23 97 239
23 98 285
23 99 231
23 100 270
24 1 308
24 2 385
24 3 256
24 4 346
24 5 368
24 6 278
24 7 297
24 8 308
24 9 312
24 10 315
24 11 331
24 12 398
24 13 433
24 14 200
24 15 214
24 16 257
24 17 268
24 18 359
24 19 414
24 20 386
24 21 178
24 22 268
24 23 237
24 24 0
24 25 23
24 26 72
24 27 134
24 28 37
24 29 62
24 30 154
24 31 231
24 32 272
24 33 208
24 34 305
24 35 306
24 36 257
24 37 275
24 38 344
24 39 416
24 40 258
24 41 265
24 42 123
24 43 201
24 44 65
24 45 164
24 46 215
24 47 239
24 48 272
24 49 319
24 50 406
24 51 357
24 52 246
24 53 306
24 54 402
24 55 412
24 56 253
24 57 309
24 58 365
24 59 61
24 60 96
24 61 182
24 62 267
24 63 285
24 64 314
24 65 170
24 66 209
24 67 252
24 68 311
24 69 319
24 70 329
24 71 387
24 72 302
24 73 325
24 74 419
24 75 503
24 76 467
24 77 322
24 78 358
24 79 375
24 80 422
24 81 258
24 82 297
24 83 381
24 84 211
24 85 246
24 86 344
24 87 437
24 88 220
24 89 293
24 90 344
24 91 370
24 92 360
24 93 379
24 94 409
24 95 439
24 96 111
24 97 148
24 98 194
24 99 203
24 100 242
25 1 285
25 2 362
25 3 233
25 4 323
25 5 345
25 6 255
25 7 274
25 8 285
25 9 289
25 10 292
25 11 308
25 12 375
25 13 410
25 14 177
25 15 191
25 16 234
25 17 245
25 18 336
25 19 391
25 20 363
25 21 155
25 22 245
25 23 214
25 24 240
25 25 0
25 26 49
25 27 111
25 28 207
25 29 232
25 30 277
25 31 242
25 32 283
25 33 185
25 34 282
25 35 283
25 36 234
25 37 252
25 38 321
25 39 393
25 40 235
25 41 242
25 42 100
25 43 178
25 44 42
25 45 141
25 46 192
25 47 216
25 48 249
25 49 296
25 50 383
25 51 334
25 52 223
25 53 283
25 54 379
25 55 389
25 56 230
25 57 286
25 58 342
25 59 38
25 60 73
25 61 159
25 62 244
25 63 262
25 64 291
25 65 147
25 66 186
25 67 229
25 68 288
25 69 296
25 70 306
25 71 364
25 72 279
25 73 302
25 74 396
25 75 480
25 76 444
25 77 299
25 78 335
25 79 352
25 80 399
25 81 235
25 82 274
25 83 358
25 84 188
25 85 223
25 86 321
25 87 414
25 88 197
25 89 270
25 90 321
25 91 347
25 92 337
25 93 356
25 94 386
25 95 416
25 96 88
25 97 125
25 98 171
25 99 180
25 100 219
26 1 348
26 2 425
26 3 184
26 4 274
26 5 296
26 6 313
26 7 332
26 8 343
26 9 347
26 10 350
26 11 366
26 12 433
26 13 468
26 14 289
26 15 303
26 16 346
26 17 357
26 18 448
26 19 503
26 20 447
26 21 267
26 22 357
26 23 326
26 24 301
26 25 311
26 26 0
26 27 62
26 28 158
26 29 183
26 30 275
26 31 327
26 32 368
26 33 297
26 34 394
26 35 395
26 36 295
26 37 306
26 38 375
26 39 447
26 40 347
26 41 354
26 42 51
26 43 129
26 44 154
26 45 253
26 46 304
26 47 328
26 48 361
26 49 408
26 50 495
26 51 397
26 52 286
26 53 346
26 54 442
26 55 452
26 56 342
26 57 361
26 58 358
26 59 342
26 60 377
26 61 429
26 62 489
26 63 298
26 64 327
26 65 259
26 66 298
26 67 341
26 68 400
26 69 385
26 70 395
26 71 453
26 72 391
26 73 253
26 74 347
26 75 431
26 76 500
26 77 357
26 78 393
26 79 410
26 80 457
26 81 347
26 82 386
26 83 470
26 84 300
26 85 284
26 86 382
26 87 475
26 88 148
26 89 221
26 90 286
26 91 312
26 92 385
26 93 404
26 94 434
26 95 479
26 96 200
26 97 237
26 98 283
26 99 243
26 100 282
27 1 694
27 2 771
27 3 530
27 4 620
27 5 642
27 6 659
27 7 678
27 8 689
27 9 693
27 10 696
27 11 712
27 12 779
27 13 814
27 14 635
27 15 649
27 16 692
27 17 703
27 18 729
27 19 784
27 20 751
27 21 613
27 22 703
27 23 672
27 24 489
27 25 512
27 26 346
27 27 0
27 28 96
27 29 121
27 30 213
27 31 290
27 32 331
27 33 371
27 34 468
27 35 469
27 36 483
27 37 501
27 38 570
27 39 642
27 40 659
27 41 700
27 42 397
27 43 475
27 44 500
27 45 599
27 46 650
27 47 674
27 48 704
27 49 751
27 50 838
27 51 743
27 52 632
27 53 692
27 54 788
27 55 798
27 56 688
27 57 707
27 58 704
27 59 550
27 60 585
27 61 671
27 62 756
27 63 644
27 64 673
27 65 605
27 66 644
27 67 687
27 68 676
27 69 684
27 70 694
27 71 752
27 72 734
27 73 599
27 74 693
27 75 777
27 76 846
27 77 703
27 78 739
27 79 756
27 80 803
27 81 693
27 82 732
27 83 737
27 84 646
27 85 630
27 86 728
27 87 821
27 88 494
27 89 567
27 90 632
27 91 658
27 92 523
27 93 542
27 94 572
27 95 648
27 96 546
27 97 583
27 98 629
27 99 589
27 100 628
28 1 598
28 2 675
28 3 434
28 4 524
28 5 546
28 6 563
28 7 582
28 8 593
28 9 597
28 10 600
28 11 616
28 12 683
28 13 718
28 14 539
28 15 553
28 16 596
28 17 607
28 18 633
28 19 688
28 20 655
28 21 517
28 22 607
28 23 576
28 24 393
28 25 416
28 26 250
28 27 312
28 28 0
28 29 25
28 30 117
28 31 194
28 32 235
28 33 275
28 34 372
28 35 373
28 36 387
28 37 405
28 38 474
28 39 546
28 40 563
28 41 604
28 42 301
28 43 379
28 44 404
28 45 503
28 46 554
28 47 578
28 48 608
28 49 655
28 50 742
28 51 647
28 52 536
28 53 596
28 54 692
28 55 702
28 56 592
28 57 611
28 58 608
28 59 454
28 60 489
28 61 575
28 62 660
28 63 548
28 64 577
28 65 509
28 66 548
28 67 591
28 68 580
28 69 588
28 70 598
28 71 656
28 72 638
28 73 503
28 74 597
28 75 681
28 76 750
28 77 607
28 78 643
28 79 660
28 80 707
28 81 597
28 82 636
28 83 641
28 84 550
28 85 534
28 86 632
28 87 725
28 88 398
28 89 471
28 90 536
28 91 562
28 92 427
28 93 446
28 94 476
28 95 552
28 96 450
28 97 487
28 98 533
28 99 493
28 100 532
29 1 573
29 2 650
29 3 409
29 4 499
29 5 521
29 6 538
29 7 557
29 8 568
29 9 572
29 10 575
29 11 591
29 12 658
29 13 693
29 14 514
29 15 528
29 16 571
29 17 582
29 18 608
29 19 663
29 20 630
29 21 492
29 22 582
29 23 551
29 24 368
29 25 391
29 26 225
29 27 287
29 28 383
29 29 0
29 30 92
29 31 169
29 32 210
29 33 250
29 34 347
29 35 348
29 36 362
29 37 380
29 38 449
29 39 521
29 40 538
29 41 579
29 42 276
29 43 354
29 44 379
29 45 478
29 46 529
29 47 553
29 48 583
29 49 630
29 50 717
29 51 622
29 52 511
29 53 571
29 54 667
29 55 677
29 56 567
29 57 586
29 58 583
29 59 429
29 60 464
29 61 550
29 62 635
29 63 523
29 64 552
29 65 484
29 66 523
29 67 566
29 68 555
29 69 563
29 70 573
29 71 631
29 72 613
29 73 478
29 74 572
29 75 656
29 76 725
29 77 582
29 78 618
29 79 635
29 80 682
29 81 572
29 82 611
29 83 616
29 84 525
29 85 509
29 86 607
29 87 700
29 88 373
29 89 446
29 90 511
29 91 537
29 92 402
29 93 421
29 94 451
29 95 527
29 96 425
29 97 462
29 98 508
29 99 468
29 100 507
30 1 481
30 2 558
30 3 317
30 4 407
30 5 429
30 6 446
30 7 465
30 8 476
30 9 480
30 10 483
30 11 499
30 12 566
30 13 601
30 14 422
30 15 436
30 16 479
30 17 490
30 18 516
30 19 571
30 20 538
30 21 400
30 22 490
30 23 459
30 24 276
30 25 299
30 26 133
30 27 195
30 28 291
30 29 316
30 30 0
30 31 77
30 32 118
30 33 158
30 34 255
30 35 256
30 36 270
30 37 288
30 38 357
30 39 429
30 40 446
30 41 487
30 42 184
30 43 262
30 44 287
30 45 386
30 46 437
30 47 461
30 48 491
30 49 538
30 50 625
30 51 530
30 52 419
30 53 479
30 54 575
30 55 585
30 56 475
30 57 494
30 58 491
30 59 337
30 60 372
30 61 458
30 62 543
30 63 431
30 64 460
30 65 392
30 66 431
30 67 474
30 68 463
30 69 471
30 70 481
30 71 539
30 72 521
30 73 386
30 74 480
30 75 564
30 76 633
30 77 490
30 78 526
30 79 543
30 80 590
30 81 480
30 82 519
30 83 524
30 84 433
30 85 417
30 86 515
30 87 608
30 88 281
30 89 354
30 90 419
30 91 445
30 92 310
30 93 329
30 94 359
30 95 435
30 96 333
30 97 370
30 98 416
30 99 376
30 100 415
31 1 404
31 2 481
31 3 240
31 4 330
31 5 352
31 6 369
31 7 388
31 8 399
31 9 403
31 10 406
31 11 422
31 12 489
31 13 524
31 14 345
31 15 359
31 16 402
31 17 413
31 18 439
31 19 494
31 20 461
31 21 323
31 22 413
31 23 382
31 24 199
31 25 222
31 26 56
31 27 118
31 28 214
31 29 239
31 30 331
31 31 0
31 32 41
31 33 81
31 34 178
31 35 179
31 36 193
31 37 211
31 38 280
31 39 352
31 40 369
31 41 410
31 42 107
31 43 185
31 44 210
31 45 309
31 46 360
31 47 384
31 48 414
31 49 461
31 50 548
31 51 453
31 52 342
31 53 402
31 54 498
31 55 508
31 56 398
31 57 417
31 58 414
31 59 260
31 60 295
31 61 381
31 62 466
31 63 354
31 64 383
31 65 315
31 66 354
31 67 397
31 68 386
31 69 394
31 70 404
31 71 462
31 72 444
31 73 309
31 74 403
31 75 487
31 76 556
31 77 413
31 78 449
31 79 466
31 80 513
31 81 403
31 82 442
31 83 447
31 84 356
31 85 340
31 86 438
31 87 531
31 88 204
31 89 277
31 90 342
31 91 368
31 92 233
31 93 252
31 94 282
31 95 358
31 96 256
31 97 293
31 98 339
31 99 299
31 100 338
32 1 363
32 2 440
32 3 199
32 4 289
32 5 311
32 6 328
32 7 347
32 8 358
32 9 362
32 10 365
32 11 381
32 12 448
32 13 483
32 14 304
32 15 318
32 16 361
32 17 372
32 18 398
32 19 453
32 20 420
32 21 282
32 22 372
32 23 341
32 24 158
32 25 181
32 26 15
32 27 77
32 28 173
32 29 198
32 30 290
32 31 97
32 32 0
32 33 40
32 34 137
32 35 138
32 36 152
32 37 170
32 38 239
32 39 311
32 40 328
32 41 369
32 42 66
32 43 144
32 44 169
32 45 268
32 46 319
32 47 343
32 48 373
32 49 420
32 50 507
32 51 412
32 52 301
32 53 361
32 54 457
32 55 467
32 56 357
32 57 376
32 58 373
32 59 219
32 60 254
32 61 340
32 62 425
32 63 313
32 64 342
32 65 274
32 66 313
32 67 356
32 68 345
32 69 353
32 70 363
32 71 421
32 72 403
32 73 268
32 74 362
32 75 446
32 76 515
32 77 372
32 78 408
32 79 425
32 80 472
32 81 362
32 82 401
32 83 406
32 84 315
32 85 299
32 86 397
32 87 490
32 88 163
32 89 236
32 90 301
32 91 327
32 92 192
32 93 211
32 94 241
32 95 317
32 96 215
32 97 252
32 98 298
32 99 258
32 100 297
33 1 426
33 2 503
33 3 297
33 4 387
33 5 409
33 6 396
33 7 415
33 8 426
33 9 430
33 10 433
33 11 449
33 12 516
33 13 551
33 14 318
33 15 332
33 16 375
33 17 386
33 18 358
33 19 413
33 20 380
33 21 296
33 22 386
33 23 355
33 24 118
33 25 141
33 26 113
33 27 175
33 28 155
33 29 180
33 30 272
33 31 57
33 32 98
33 33 0
33 34 97
33 35 98
33 36 112
33 37 130
33 38 199
33 39 271
33 40 288
33 41 344
33 42 164
33 43 242
33 44 183
33 45 282
33 46 333
33 47 357
33 48 333
33 49 380
33 50 467
33 51 475
33 52 364
33 53 339
33 54 435
33 55 445
33 56 371
33 57 427
33 58 471
33 59 179
33 60 214
33 61 300
33 62 385
33 63 403
33 64 432
33 65 288
33 66 327
33 67 370
33 68 305
33 69 313
33 70 323
33 71 381
33 72 363
33 73 366
33 74 460
33 75 544
33 76 585
33 77 440
33 78 476
33 79 493
33 80 540
33 81 376
33 82 364
33 83 366
33 84 329
33 85 364
33 86 462
33 87 555
33 88 261
33 89 334
33 90 399
33 91 425
33 92 152
33 93 171
33 94 201
33 95 277
33 96 229
33 97 266
33 98 312
33 99 321
33 100 360
34 1 329
34 2 406
34 3 272
34 4 362
34 5 384
34 6 299
34 7 318
34 8 329
34 9 333
34 10 336
34 11 352
34 12 419
34 13 454
34 14 221
34 15 235
34 16 278
34 17 289
34 18 261
34 19 316
34 20 283
34 21 199
34 22 289
34 23 258
34 24 21
34 25 44
34 26 93
34 27 155
34 28 58
34 29 83
34 30 175
34 31 252
34 32 293
34 33 229
34 34 0
34 35 1
34 36 15
34 37 33
34 38 102
34 39 174
34 40 191
34 41 247
34 42 144
34 43 217
34 44 86
34 45 185
34 46 236
34 47 260
34 48 236
34 49 283
34 50 370
34 51 378
34 52 267
34 53 242
34 54 338
34 55 348
34 56 274
34 57 330
34 58 386
34 59 82
34 60 117
34 61 203
34 62 288
34 63 306
34 64 335
34 65 191
34 66 230
34 67 273
34 68 208
34 69 216
34 70 226
34 71 284
34 72 266
34 73 315
34 74 409
34 75 493
34 76 488
34 77 343
34 78 379
34 79 396
34 80 443
34 81 279
34 82 267
34 83 269
34 84 232
34 85 267
34 86 365
34 87 458
34 88 241
34 89 314
34 90 345
34 91 371
34 92 55
34 93 74
34 94 104
34 95 180
34 96 132
34 97 169
34 98 215
34 99 224
34 100 263
35 1 328
35 2 405
35 3 271
35 4 361
35 5 383
35 6 298
35 7 317
35 8 328
35 9 332
35 10 335
35 11 351
35 12 418
35 13 453
35 14 220
35 15 234
35 16 277
35 17 288
35 18 260
35 19 315
35 20 282
35 21 198
35 22 288
35 23 257
35 24 20
35 25 43
35 26 92
35 27 154
35 28 57
35 29 82
35 30 174
35 31 251
35 32 292
35 33 228
35 34 325
35 35 0
35 36 14
35 37 32
35 38 101
35 39 173
35 40 190
35 41 246
35 42 143
35 43 216
35 44 85
35 45 184
35 46 235
35 47 259
35 48 235
35 49 282
35 50 369
35 51 377
35 52 266
35 53 241
35 54 337
35 55 347
35 56 273
35 57 329
35 58 385
35 59 81
35 60 116
35 61 202
35 62 287
35 63 305
35 64 334
35 65 190
35 66 229
35 67 272
35 68 207
35 69 215
35 70 225
35 71 283
35 72 265
35 73 314
35 74 408
35 75 492
35 76 487
35 77 342
35 78 378
35 79 395
35 80 442
35 81 278
35 82 266
35 83 268
35 84 231
35 85 266
35 86 364
35 87 457
35 88 240
35 89 313
35 90 344
35 91 370
35 92 54
35 93 73
35 94 103
35 95 179
35 96 131
35 97 168
35 98 214
35 99 223
35 100 262
36 1 314
36 2 391
36 3 262
36 4 352
36 5 374
36 6 284
36 7 303
36 8 314
36 9 318
36 10 321
36 11 337
36 12 404
36 13 439
36 14 206
36 15 220
36 16 263
36 17 274
36 18 246
36 19 301
36 20 268
36 21 184
36 22 274
36 23 243
36 24 6
36 25 29
36 26 78
36 27 140
36 28 43
36 29 68
36 30 160
36 31 237
36 32 278
36 33 214
36 34 311
36 35 312
36 36 0
36 37 18
36 38 87
36 39 159
36 40 176
36 41 232
36 42 129
36 43 207
36 44 71
36 45 170
36 46 221
36 47 245
36 48 221
36 49 268
36 50 355
36 51 363
36 52 252
36 53 227
36 54 323
36 55 333
36 56 259
36 57 315
36 58 371
36 59 67
36 60 102
36 61 188
36 62 273
36 63 291
36 64 320
36 65 176
36 66 215
36 67 258
36 68 193
36 69 201
36 70 211
36 71 269
36 72 251
36 73 300
36 74 394
36 75 478
36 76 473
36 77 328
36 78 364
36 79 381
36 80 428
36 81 264
36 82 252
36 83 254
36 84 217
36 85 252
36 86 350
36 87 443
36 88 226
36 89 299
36 90 330
36 91 356
36 92 366
36 93 385
36 94 415
36 95 360
36 96 117
36 97 154
36 98 200
36 99 209
36 100 248
37 1 412
37 2 489
37 3 247
37 4 337
37 5 359
37 6 376
37 7 395
37 8 406
37 9 410
37 10 413
37 11 429
37 12 496
37 13 531
37 14 304
37 15 318
37 16 361
37 17 372
37 18 228
37 19 283
37 20 250
37 21 330
37 22 420
37 23 424
37 24 330
37 25 353
37 26 348
37 27 410
37 28 367
37 29 392
37 30 484
37 31 292
37 32 333
37 33 235
37 34 332
37 35 333
37 36 324
37 37 0
37 38 69
37 39 141
37 40 158
37 41 214
37 42 289
37 43 367
37 44 252
37 45 351
37 46 402
37 47 426
37 48 203
37 49 250
37 50 337
37 51 408
37 52 350
37 53 209
37 54 305
37 55 315
37 56 329
37 57 385
37 58 387
37 59 357
37 60 392
37 61 444
37 62 529
37 63 327
37 64 356
37 65 274
37 66 313
37 67 356
37 68 175
37 69 183
37 70 193
37 71 251
37 72 233
37 73 282
37 74 376
37 75 460
37 76 529
37 77 420
37 78 456
37 79 473
37 80 520
37 81 362
37 82 234
37 83 236
37 84 292
37 85 313
37 86 411
37 87 504
37 88 386
37 89 459
37 90 312
37 91 338
37 92 387
37 93 406
37 94 436
37 95 342
37 96 215
37 97 252
37 98 298
37 99 307
37 100 346
38 1 343
38 2 420
38 3 178
38 4 268
38 5 290
38 6 307
38 7 326
38 8 337
38 9 341
38 10 344
38 11 360
38 12 427
38 13 462
38 14 235
38 15 249
38 16 292
38 17 303
38 18 159
38 19 214
38 20 181
38 21 261
38 22 351
38 23 355
38 24 261
38 25 284
38 26 279
38 27 341
38 28 298
38 29 323
38 30 415
38 31 223
38 32 264
38 33 166
38 34 263
38 35 264
38 36 255
38 37 273
38 38 0
38 39 72
38 40 89
38 41 145
38 42 220
38 43 298
38 44 183
38 45 282
38 46 333
38 47 357
38 48 134
38 49 181
38 50 268
38 51 339
38 52 281
38 53 140
38 54 236
38 55 246
38 56 260
38 57 316
38 58 318
38 59 288
38 60 323
38 61 375
38 62 460
38 63 258
38 64 287
38 65 205
38 66 244
38 67 287
38 68 106
38 69 114
38 70 124
38 71 182
38 72 164
38 73 213
38 74 307
38 75 391
38 76 460
38 77 351
38 78 387
38 79 404
38 80 451
38 81 293
38 82 165
38 83 167
38 84 223
38 85 244
38 86 342
38 87 435
38 88 317
38 89 390
38 90 243
38 91 269
38 92 318
38 93 337
38 94 367
38 95 273
38 96 146
38 97 183
38 98 229
38 99 238
38 100 277
39 1 271
39 2 348
39 3 106
39 4 196
39 5 218
39 6 235
39 7 254
39 8 265
39 9 269
39 10 272
39 11 288
39 12 355
39 13 390
39 14 163
39 15 177
39 16 220
39 17 231
39 18 87
39 19 142
39 20 109
39 21 189
39 22 279
39 23 283
39 24 189
39 25 212
39 26 207
39 27 269
39 28 226
39 29 251
39 30 343
39 31 151
39 32 192
39 33 94
39 34 191
39 35 192
39 36 183
39 37 201
39 38 270
39 39 0
39 40 17
39 41 73
39 42 148
39 43 226
39 44 111
39 45 210
39 46 261
39 47 285
39 48 62
39 49 109
39 50 196
39 51 267
39 52 209
39 53 68
39 54 164
39 55 174
39 56 188
39 57 244
39 58 246
39 59 216
39 60 251
39 61 303
39 62 388
39 63 186
39 64 215
39 65 133
39 66 172
39 67 215
39 68 34
39 69 42
39 70 52
39 71 110
39 72 92
39 73 141
39 74 235
39 75 319
39 76 388
39 77 279
39 78 315
39 79 332
39 80 379
39 81 221
39 82 93
39 83 95
39 84 151
39 85 172
39 86 270
39 87 363
39 88 245
39 89 318
39 90 171
39 91 197
39 92 246
39 93 265
39 94 295
39 95 201
39 96 74
39 97 111
39 98 157
39 99 166
39 100 205
40 1 254
40 2 331
40 3 283
40 4 373
40 5 230
40 6 247
40 7 266
40 8 277
40 9 281
40 10 284
40 11 300
40 12 367
40 13 402
40 14 146
40 15 160
40 16 203
40 17 214
40 18 305
40 19 360
40 20 332
40 21 207
40 22 297
40 23 266
40 24 172
40 25 195
40 26 190
40 27 252
40 28 209
40 29 234
40 30 326
40 31 134
40 32 175
40 33 77
40 34 174
40 35 175
40 36 166
40 37 184
40 38 253
40 39 325
40 40 0
40 41 56
40 42 150
40 43 228
40 44 94
40 45 193
40 46 244
40 47 268
40 48 45
40 49 92
40 50 179
40 51 250
40 52 192
40 53 252
40 54 348
40 55 358
40 56 171
40 57 227
40 58 229
40 59 199
40 60 234
40 61 286
40 62 371
40 63 169
40 64 198
40 65 116
40 66 155
40 67 198
40 68 257
40 69 265
40 70 275
40 71 333
40 72 75
40 73 124
40 74 218
40 75 302
40 76 371
40 77 291
40 78 327
40 79 344
40 80 391
40 81 204
40 82 76
40 83 160
40 84 216
40 85 155
40 86 253
40 87 346
40 88 247
40 89 320
40 90 290
40 91 316
40 92 229
40 93 248
40 94 278
40 95 354
40 96 57
40 97 94
40 98 140
40 99 149
40 100 188
41 1 391
41 2 468
41 3 227
41 4 317
41 5 339
41 6 356
41 7 375
41 8 386
41 9 390
41 10 393
41 11 409
41 12 476
41 13 511
41 14 332
41 15 346
41 16 389
41 17 400
41 18 379
41 19 434
41 20 401
41 21 310
41 22 400
41 23 369
41 24 139
41 25 162
41 26 134
41 27 196
41 28 176
41 29 201
41 30 293
41 31 78
41 32 119
41 33 21
41 34 118
41 35 119
41 36 133
41 37 151
41 38 220
41 39 292
41 40 309
41 41 0
41 42 94
41 43 172
41 44 197
41 45 296
41 46 347
41 47 371
41 48 354
41 49 88
41 50 175
41 51 246
41 52 329
41 53 360
41 54 456
41 55 466
41 56 167
41 57 223
41 58 279
41 59 200
41 60 235
41 61 321
41 62 406
41 63 341
41 64 370
41 65 302
41 66 341
41 67 384
41 68 326
41 69 334
41 70 273
41 71 331
41 72 384
41 73 296
41 74 390
41 75 474
41 76 543
41 77 400
41 78 436
41 79 453
41 80 500
41 81 390
41 82 385
41 83 387
41 84 343
41 85 327
41 86 425
41 87 518
41 88 191
41 89 264
41 90 329
41 91 355
41 92 173
41 93 192
41 94 222
41 95 298
41 96 243
41 97 280
41 98 326
41 99 286
41 100 325
42 1 297
42 2 374
42 3 133
42 4 223
42 5 245
42 6 262
42 7 281
42 8 292
42 9 296
42 10 299
42 11 315
42 12 382
42 13 417
42 14 238
42 15 252
42 16 295
42 17 306
42 18 397
42 19 452
42 20 396
42 21 216
42 22 306
42 23 275
42 24 250
42 25 260
42 26 309
42 27 315
42 28 287
42 29 312
42 30 338
42 31 276
42 32 317
42 33 246
42 34 343
42 35 344
42 36 244
42 37 255
42 38 324
42 39 396
42 40 296
42 41 303
42 42 0
42 43 78
42 44 103
42 45 202
42 46 253
42 47 277
42 48 310
42 49 357
42 50 444
42 51 346
42 52 235
42 53 295
42 54 391
42 55 401
42 56 291
42 57 310
42 58 307
42 59 291
42 60 326
42 61 378
42 62 438
42 63 247
42 64 276
42 65 208
42 66 247
42 67 290
42 68 349
42 69 334
42 70 344
42 71 402
42 72 340
42 73 202
42 74 296
42 75 380
42 76 449
42 77 306
42 78 342
42 79 359
42 80 406
42 81 296
42 82 335
42 83 419
42 84 249
42 85 233
42 86 331
42 87 424
42 88 97
42 89 170
42 90 235
42 91 261
42 92 334
42 93 353
42 94 383
42 95 428
42 96 149
42 97 186
42 98 232
42 99 192
42 100 231
43 1 268
43 2 345
43 3 55
43 4 145
43 5 167
43 6 184
43 7 203
43 8 214
43 9 218
43 10 221
43 11 237
43 12 304
43 13 339
43 14 160
43 15 174
43 16 217
43 17 228
43 18 319
43 19 374
43 20 323
43 21 138
43 22 228
43 23 197
43 24 223
43 25 182
43 26 231
43 27 237
43 28 260
43 29 285
43 30 260
43 31 198
43 32 239
43 33 168
43 34 265
43 35 266
43 36 217
43 37 177
43 38 246
43 39 318
43 40 218
43 41 225
43 42 282
43 43 0
43 44 25
43 45 124
43 46 175
43 47 199
43 48 232
43 49 279
43 50 366
43 51 317
43 52 206
43 53 266
43 54 362
43 55 372
43 56 213
43 57 269
43 58 325
43 59 213
43 60 248
43 61 300
43 62 360
43 63 356
43 64 385
43 65 130
43 66 169
43 67 212
43 68 271
43 69 256
43 70 266
43 71 324
43 72 262
43 73 311
43 74 405
43 75 489
43 76 373
43 77 228
43 78 264
43 79 281
43 80 328
43 81 218
43 82 257
43 83 341
43 84 171
43 85 206
43 86 304
43 87 397
43 88 379
43 89 452
43 90 304
43 91 330
43 92 320
43 93 339
43 94 360
43 95 399
43 96 71
43 97 108
43 98 154
43 99 163
43 100 202
44 1 243
44 2 320
44 3 318
44 4 408
44 5 392
44 6 371
44 7 390
44 8 401
44 9 405
44 10 408
44 11 424
44 12 491
44 13 526
44 14 135
44 15 149
44 16 192
44 17 203
44 18 294
44 19 349
44 20 321
44 21 113
44 22 203
44 23 172
44 24 198
44 25 157
44 26 206
44 27 212
44 28 235
44 29 260
44 30 235
44 31 200
44 32 241
44 33 143
44 34 240
44 35 241
44 36 192
44 37 210
44 38 279
44 39 351
44 40 193
44 41 200
44 42 257
44 43 335
44 44 0
44 45 99
44 46 150
44 47 174
44 48 207
44 49 254
44 50 341
44 51 292
44 52 181
44 53 241
44 54 337
44 55 347
44 56 188
44 57 244
44 58 300
44 59 188
44 60 223
44 61 275
44 62 360
44 63 331
44 64 360
44 65 105
44 66 144
44 67 187
44 68 246
44 69 254
44 70 264
44 71 322
44 72 237
44 73 286
44 74 380
44 75 464
44 76 533
44 77 415
44 78 451
44 79 468
44 80 515
44 81 193
44 82 232
44 83 316
44 84 146
44 85 181
44 86 279
44 87 372
44 88 354
44 89 427
44 90 279
44 91 305
44 92 295
44 93 314
44 94 344
44 95 374
44 96 46
44 97 83
44 98 129
44 99 138
44 100 177
45 1 317
45 2 394
45 3 291
45 4 381
45 5 293
45 6 310
45 7 329
45 8 340
45 9 344
45 10 347
45 11 363
45 12 430
45 13 465
45 14 209
45 15 223
45 16 266
45 17 277
45 18 339
45 19 394
45 20 361
45 21 14
45 22 104
45 23 73
45 24 99
45 25 58
45 26 107
45 27 113
45 28 136
45 29 161
45 30 136
45 31 101
45 32 142
45 33 44
45 34 141
45 35 142
45 36 93
45 37 111
45 38 180
45 39 252
45 40 267
45 41 101
45 42 158
45 43 236
45 44 100
45 45 0
45 46 51
45 47 75
45 48 108
45 49 155
45 50 242
45 51 313
45 52 255
45 53 315
45 54 411
45 55 421
45 56 89
45 57 145
45 58 201
45 59 96
45 60 131
45 61 217
45 62 302
45 63 232
45 64 261
45 65 179
45 66 218
45 67 261
45 68 286
45 69 294
45 70 304
45 71 362
45 72 138
45 73 187
45 74 281
45 75 365
45 76 434
45 77 354
45 78 390
45 79 407
45 80 454
45 81 267
45 82 306
45 83 347
45 84 47
45 85 82
45 86 180
45 87 273
45 88 255
45 89 328
45 90 353
45 91 379
45 92 196
45 93 215
45 94 245
45 95 321
45 96 120
45 97 157
45 98 203
45 99 212
45 100 251
46 1 266
46 2 343
46 3 277
46 4 367
46 5 242
46 6 259
46 7 278
46 8 289
46 9 293
46 10 296
46 11 312
46 12 379
46 13 414
46 14 158
46 15 172
46 16 215
46 17 226
46 18 317
46 19 372
46 20 344
46 21 351
46 22 441
46 23 278
46 24 173
46 25 196
46 26 168
46 27 230
46 28 210
46 29 235
46 30 85
46 31 112
46 32 153
46 33 55
46 34 152
46 35 153
46 36 167
46 37 185
46 38 254
46 39 326
46 40 216
46 41 50
46 42 144
46 43 222
46 44 238
46 45 337
46 46 0
46 47 24
46 48 57
46 49 104
46 50 191
46 51 262
46 52 204
46 53 264
46 54 360
46 55 370
46 56 183
46 57 239
46 58 241
46 59 211
46 60 246
46 61 298
46 62 383
46 63 181
46 64 210
46 65 128
46 66 167
46 67 210
46 68 269
46 69 277
46 70 287
46 71 345
46 72 87
46 73 136
46 74 230
46 75 314
46 76 383
46 77 303
46 78 339
46 79 356
46 80 403
46 81 216
46 82 255
46 83 339
46 84 384
46 85 167
46 86 265
46 87 358
46 88 241
46 89 314
46 90 302
46 91 328
46 92 207
46 93 226
46 94 256
46 95 332
46 96 69
46 97 106
46 98 152
46 99 161
46 100 200
47 1 242
47 2 319
47 3 253
47 4 343
47 5 218
47 6 235
47 7 254
47 8 265
47 9 269
47 10 272
47 11 288
47 12 355
47 13 390
47 14 134
47 15 148
47 16 191
47 17 202
47 18 293
47 19 348
47 20 320
47 21 327
47 22 417
47 23 254
47 24 149
47 25 172
47 26 144
47 27 206
47 28 186
47 29 211
47 30 303
47 31 88
47 32 129
47 33 31
47 34 128
47 35 129
47 36 143
47 37 161
47 38 230
47 39 302
47 40 192
47 41 26
47 42 120
47 43 198
47 44 214
47 45 313
47 46 364
47 47 0
47 48 33
47 49 80
47 50 167
47 51 238
47 52 180
47 53 240
47 54 336
47 55 346
47 56 159
47 57 215
47 58 217
47 59 187
47 60 222
47 61 274
47 62 359
47 63 157
47 64 186
47 65 104
47 66 143
47 67 186
47 68 245
47 69 253
47 70 263
47 71 321
47 72 63
47 73 112
47 74 206
47 75 290
47 76 359
47 77 279
47 78 315
47 79 332
47 80 379
47 81 192
47 82 231
47 83 315
47 84 360
47 85 143
47 86 241
47 87 334
47 88 217
47 89 290
47 90 278
47 91 304
47 92 183
47 93 202
47 94 232
47 95 308
47 96 45
47 97 82
47 98 128
47 99 137
47 100 176
48 1 209
48 2 286
48 3 284
48 4 374
48 5 185
48 6 202
48 7 221
48 8 232
48 9 236
48 10 239
48 11 255
48 12 322
48 13 357
48 14 101
48 15 115
48 16 158
48 17 169
48 18 260
48 19 315
48 20 287
48 21 305
48 22 395
48 23 221
48 24 127
48 25 150
48 26 199
48 27 261
48 28 164
48 29 189
48 30 281
48 31 293
48 32 334
48 33 236
48 34 333
48 35 280
48 36 121
48 37 139
48 38 208
48 39 280
48 40 159
48 41 215
48 42 250
48 43 328
48 44 192
48 45 291
48 46 342
48 47 366
48 48 0
48 49 47
48 50 134
48 51 205
48 52 147
48 53 207
48 54 303
48 55 313
48 56 126
48 57 182
48 58 184
48 59 154
48 60 189
48 61 241
48 62 326
48 63 124
48 64 153
48 65 71
48 66 110
48 67 153
48 68 212
48 69 220
48 70 230
48 71 288
48 72 30
48 73 79
48 74 173
48 75 257
48 76 326
48 77 246
48 78 282
48 79 299
48 80 346
48 81 159
48 82 198
48 83 282
48 84 338
48 85 110
48 86 208
48 87 301
48 88 347
48 89 420
48 90 245
48 91 271
48 92 334
48 93 353
48 94 378
48 95 340
48 96 12
48 97 49
48 98 95
48 99 104
48 100 143
49 1 389
49 2 466
49 3 512
49 4 482
49 5 460
49 6 477
49 7 496
49 8 507
49 9 511
49 10 514
49 11 530
49 12 597
49 13 632
49 14 361
49 15 375
49 16 418
49 17 429
49 18 520
49 19 575
49 20 407
49 21 487
49 22 577
49 23 320
49 24 402
49 25 425
49 26 328
49 27 390
49 28 439
49 29 464
49 30 556
49 31 535
49 32 576
49 33 496
49 34 593
49 35 460
49 36 396
49 37 414
49 38 483
49 39 555
49 40 419
49 41 475
49 42 379
49 43 457
49 44 467
49 45 527
49 46 578
49 47 602
49 48 464
49 49 0
49 50 87
49 51 158
49 52 246
49 53 306
49 54 402
49 55 412
49 56 79
49 57 135
49 58 191
49 59 290
49 60 325
49 61 411
49 62 496
49 63 399
49 64 428
49 65 331
49 66 370
49 67 413
49 68 472
49 69 480
49 70 185
49 71 243
49 72 305
49 73 354
49 74 448
49 75 532
49 76 601
49 77 521
49 78 557
49 79 574
49 80 621
49 81 419
49 82 458
49 83 542
49 84 520
49 85 385
49 86 483
49 87 576
49 88 476
49 89 549
49 90 505
49 91 531
49 92 514
49 93 533
49 94 563
49 95 439
49 96 272
49 97 309
49 98 355
49 99 284
49 100 323
50 1 382
50 2 459
50 3 425
50 4 395
50 5 373
50 6 390
50 7 409
50 8 420
50 9 424
50 10 427
50 11 443
50 12 510
50 13 545
50 14 274
50 15 288
50 16 331
50 17 342
50 18 433
50 19 488
50 20 320
50 21 400
50 22 490
50 23 233
50 24 315
50 25 338
50 26 241
50 27 303
50 28 352
50 29 377
50 30 469
50 31 448
50 32 489
50 33 409
50 34 506
50 35 453
50 36 309
50 37 327
50 38 396
50 39 468
50 40 332
50 41 388
50 42 292
50 43 370
50 44 380
50 45 479
50 46 530
50 47 554
50 48 377
50 49 424
50 50 0
50 51 71
50 52 159
50 53 219
50 54 315
50 55 325
50 56 259
50 57 315
50 58 371
50 59 327
50 60 362
50 61 414
50 62 499
50 63 312
50 64 341
50 65 244
50 66 283
50 67 326
50 68 385
50 69 393
50 70 98
50 71 156
50 72 218
50 73 267
50 74 361
50 75 445
50 76 514
50 77 434
50 78 470
50 79 487
50 80 534
50 81 332
50 82 371
50 83 455
50 84 433
50 85 298
50 86 396
50 87 489
50 88 389
50 89 462
50 90 418
50 91 444
50 92 507
50 93 526
50 94 556
50 95 352
50 96 185
50 97 222
50 98 268
50 99 277
50 100 316
51 1 498
51 2 575
51 3 354
51 4 324
51 5 346
51 6 363
51 7 382
51 8 393
51 9 397
51 10 400
51 11 416
51 12 483
51 13 518
51 14 401
51 15 415
51 16 458
51 17 469
51 18 560
51 19 615
51 20 249
51 21 329
51 22 419
51 23 162
51 24 253
51 25 276
51 26 170
51 27 232
51 28 290
51 29 315
51 30 407
51 31 377
51 32 418
51 33 359
51 34 456
51 35 457
51 36 455
51 37 356
51 38 425
51 39 497
51 40 459
51 41 515
51 42 221
51 43 299
51 44 318
51 45 417
51 46 468
51 47 492
51 48 504
51 49 551
51 50 638
51 51 0
51 52 88
51 53 148
51 54 244
51 55 254
51 56 188
51 57 244
51 58 300
51 59 314
51 60 341
51 61 427
51 62 512
51 63 468
51 64 497
51 65 371
51 66 410
51 67 453
51 68 512
51 69 435
51 70 445
51 71 503
51 72 534
51 73 423
51 74 517
51 75 601
51 76 552
51 77 407
51 78 443
51 79 460
51 80 507
51 81 459
51 82 498
51 83 582
51 84 362
51 85 444
51 86 542
51 87 635
51 88 318
51 89 391
51 90 456
51 91 482
51 92 511
51 93 530
51 94 539
51 95 281
51 96 312
51 97 349
51 98 395
51 99 393
51 100 432
52 1 410
52 2 487
52 3 266
52 4 236
52 5 258
52 6 275
52 7 294
52 8 305
52 9 309
52 10 312
52 11 328
52 12 395
52 13 430
52 14 313
52 15 327
52 16 370
52 17 381
52 18 472
52 19 527
52 20 161
52 21 241
52 22 331
52 23 74
52 24 165
52 25 188
52 26 82
52 27 144
52 28 202
52 29 227
52 30 319
52 31 289
52 32 330
52 33 271
52 34 368
52 35 369
52 36 367
52 37 268
52 38 337
52 39 409
52 40 371
52 41 427
52 42 133
52 43 211
52 44 230
52 45 329
52 46 380
52 47 404
52 48 416
52 49 463
52 50 550
52 51 459
52 52 0
52 53 60
52 54 156
52 55 166
52 56 100
52 57 156
52 58 212
52 59 226
52 60 253
52 61 339
52 62 424
52 63 380
52 64 409
52 65 283
52 66 322
52 67 365
52 68 424
52 69 347
52 70 357
52 71 415
52 72 446
52 73 335
52 74 429
52 75 513
52 76 464
52 77 319
52 78 355
52 79 372
52 80 419
52 81 371
52 82 410
52 83 494
52 84 274
52 85 356
52 86 454
52 87 547
52 88 230
52 89 303
52 90 368
52 91 394
52 92 423
52 93 442
52 94 451
52 95 193
52 96 224
52 97 261
52 98 307
52 99 305
52 100 344
53 1 361
53 2 438
53 3 225
53 4 176
53 5 198
53 6 215
53 7 234
53 8 245
53 9 249
53 10 252
53 11 268
53 12 335
53 13 370
53 14 253
53 15 267
53 16 310
53 17 321
53 18 412
53 19 467
53 20 101
53 21 181
53 22 271
53 23 352
53 24 313
53 25 336
53 26 285
53 27 280
53 28 350
53 29 375
53 30 408
53 31 229
53 32 270
53 33 211
53 34 308
53 35 309
53 36 307
53 37 208
53 38 277
53 39 349
53 40 311
53 41 367
53 42 336
53 43 170
53 44 195
53 45 294
53 46 345
53 47 369
53 48 356
53 49 403
53 50 490
53 51 410
53 52 299
53 53 0
53 54 96
53 55 106
53 56 140
53 57 196
53 58 252
53 59 306
53 60 193
53 61 279
53 62 364
53 63 382
53 64 411
53 65 223
53 66 262
53 67 305
53 68 364
53 69 287
53 70 297
53 71 355
53 72 386
53 73 435
53 74 529
53 75 613
53 76 404
53 77 259
53 78 295
53 79 312
53 80 359
53 81 311
53 82 350
53 83 434
53 84 214
53 85 296
53 86 394
53 87 487
53 88 433
53 89 506
53 90 397
53 91 423
53 92 363
53 93 382
53 94 391
53 95 133
53 96 164
53 97 201
53 98 247
53 99 256
53 100 295
54 1 265
54 2 342
54 3 129
54 4 80
54 5 102
54 6 119
54 7 138
54 8 149
54 9 153
54 10 156
54 11 172
54 12 239
54 13 274
54 14 157
54 15 171
54 16 214
54 17 225
54 18 316
54 19 371
54 20 5
54 21 85
54 22 175
54 23 256
54 24 217
54 25 240
54 26 189
54 27 184
54 28 254
54 29 279
54 30 312
54 31 133
54 32 174
54 33 115
54 34 212
54 35 213
54 36 211
54 37 112
54 38 181
54 39 253
54 40 215
54 41 271
54 42 240
54 43 74
54 44 99
54 45 198
54 46 249
54 47 273
54 48 260
54 49 307
54 50 394
54 51 314
54 52 203
54 53 263
54 54 0
54 55 10
54 56 44
54 57 100
54 58 156
54 59 210
54 60 97
54 61 183
54 62 268
54 63 286
54 64 315
54 65 127
54 66 166
54 67 209
54 68 268
54 69 191
54 70 201
54 71 259
54 72 290
54 73 339
54 74 433
54 75 517
54 76 308
54 77 163
54 78 199
54 79 216
54 80 263
54 81 215
54 82 254
54 83 338
54 84 118
54 85 200
54 86 298
54 87 391
54 88 337
54 89 410
54 90 301
54 91 327
54 92 267
54 93 286
54 94 295
54 95 37
54 96 68
54 97 105
54 98 151
54 99 160
54 100 199
55 1 255
55 2 332
55 3 119
55 4 209
55 5 231
55 6 248
55 7 267
55 8 278
55 9 282
55 10 285
55 11 301
55 12 368
55 13 403
55 14 147
55 15 161
55 16 204
55 17 215
55 18 306
55 19 361
55 20 333
55 21 202
55 22 292
55 23 261
55 24 287
55 25 246
55 26 262
55 27 301
55 28 324
55 29 349
55 30 324
55 31 262
55 32 303
55 33 232
55 34 329
55 35 326
55 36 281
55 37 241
55 38 310
55 39 382
55 40 205
55 41 261
55 42 313
55 43 64
55 44 89
55 45 188
55 46 239
55 47 263
55 48 250
55 49 297
55 50 384
55 51 304
55 52 193
55 53 253
55 54 349
55 55 0
55 56 34
55 57 90
55 58 146
55 59 200
55 60 87
55 61 173
55 62 258
55 63 276
55 64 305
55 65 117
55 66 156
55 67 199
55 68 258
55 69 266
55 70 276
55 71 334
55 72 280
55 73 329
55 74 423
55 75 507
55 76 437
55 77 292
55 78 328
55 79 345
55 80 392
55 81 205
55 82 244
55 83 328
55 84 235
55 85 270
55 86 368
55 87 461
55 88 410
55 89 483
55 90 291
55 91 317
55 92 380
55 93 399
55 94 424
55 95 27
55 96 58
55 97 95
55 98 141
55 99 150
55 100 189
56 1 310
56 2 387
56 3 449
56 4 484
56 5 506
56 6 428
56 7 447
56 8 458
56 9 462
56 10 465
56 11 481
56 12 548
56 13 583
56 14 561
56 15 575
56 16 618
56 17 629
56 18 641
56 19 696
56 20 409
56 21 462
56 22 552
56 23 322
56 24 401
56 25 424
56 26 278
56 27 340
56 28 436
56 29 461
56 30 553
56 31 537
56 32 578
56 33 492
56 34 589
56 35 381
56 36 395
56 37 413
56 38 482
56 39 554
56 40 421
56 41 477
56 42 329
56 43 407
56 44 432
56 45 448
56 46 499
56 47 523
56 48 466
56 49 513
56 50 600
56 51 359
56 52 248
56 53 308
56 54 404
56 55 414
56 56 0
56 57 56
56 58 112
56 59 211
56 60 246
56 61 332
56 62 417
56 63 435
56 64 464
56 65 512
56 66 372
56 67 415
56 68 474
56 69 482
56 70 492
56 71 550
56 72 496
56 73 454
56 74 548
56 75 632
56 76 617
56 77 472
56 78 508
56 79 525
56 80 572
56 81 619
56 82 497
56 83 581
56 84 495
56 85 485
56 86 583
56 87 676
56 88 426
56 89 499
56 90 564
56 91 590
56 92 435
56 93 454
56 94 484
56 95 441
56 96 472
56 97 509
56 98 555
56 99 205
56 100 244
57 1 254
57 2 331
57 3 393
57 4 428
57 5 450
57 6 372
57 7 391
57 8 402
57 9 406
57 10 409
57 11 425
57 12 492
57 13 527
57 14 505
57 15 519
57 16 562
57 17 573
57 18 585
57 19 640
57 20 353
57 21 406
57 22 496
57 23 266
57 24 345
57 25 368
57 26 222
57 27 284
57 28 380
57 29 405
57 30 497
57 31 481
57 32 522
57 33 436
57 34 533
57 35 325
57 36 339
57 37 357
57 38 426
57 39 498
57 40 365
57 41 421
57 42 273
57 43 351
57 44 376
57 45 392
57 46 443
57 47 467
57 48 410
57 49 457
57 50 544
57 51 303
57 52 192
57 53 252
57 54 348
57 55 358
57 56 292
57 57 0
57 58 56
57 59 155
57 60 190
57 61 276
57 62 361
57 63 379
57 64 408
57 65 456
57 66 316
57 67 359
57 68 418
57 69 426
57 70 436
57 71 494
57 72 440
57 73 398
57 74 492
57 75 576
57 76 561
57 77 416
57 78 452
57 79 469
57 80 516
57 81 563
57 82 441
57 83 525
57 84 439
57 85 429
57 86 527
57 87 620
57 88 370
57 89 443
57 90 508
57 91 534
57 92 379
57 93 398
57 94 428
57 95 385
57 96 416
57 97 453
57 98 499
57 99 149
57 100 188
58 1 198
58 2 275
58 3 337
58 4 372
58 5 394
58 6 316
58 7 335
58 8 346
58 9 350
58 10 353
58 11 369
58 12 436
58 13 471
58 14 449
58 15 463
58 16 506
58 17 517
58 18 529
58 19 584
58 20 297
58 21 350
58 22 440
58 23 210
58 24 289
58 25 312
58 26 166
58 27 228
58 28 324
58 29 349
58 30 441
58 31 425
58 32 466
58 33 380
58 34 477
58 35 269
58 36 283
58 37 301
58 38 370
58 39 442
58 40 309
58 41 365
58 42 217
58 43 295
58 44 320
58 45 336
58 46 387
58 47 411
58 48 354
58 49 401
58 50 488
58 51 247
58 52 136
58 53 196
58 54 292
58 55 302
58 56 236
58 57 3
58 58 0
58 59 99
58 60 134
58 61 220
58 62 305
58 63 323
58 64 352
58 65 400
58 66 260
58 67 303
58 68 362
58 69 370
58 70 380
58 71 438
58 72 384
58 73 342
58 74 436
58 75 520
58 76 505
58 77 360
58 78 396
58 79 413
58 80 460
58 81 507
58 82 385
58 83 469
58 84 383
58 85 373
58 86 471
58 87 564
58 88 314
58 89 387
58 90 452
58 91 478
58 92 323
58 93 342
58 94 372
58 95 329
58 96 360
58 97 397
58 98 443
58 99 93
58 100 132
59 1 415
59 2 492
59 3 251
59 4 341
59 5 363
59 6 217
59 7 236
59 8 247
59 9 251
59 10 254
59 11 270
59 12 337
59 13 372
59 14 356
59 15 370
59 16 413
59 17 424
59 18 515
59 19 570
59 20 356
59 21 334
59 22 424
59 23 393
59 24 368
59 25 378
59 26 67
59 27 129
59 28 225
59 29 250
59 30 342
59 31 394
59 32 435
59 33 364
59 34 461
59 35 462
59 36 362
59 37 373
59 38 442
59 39 514
59 40 389
59 41 421
59 42 118
59 43 196
59 44 221
59 45 320
59 46 371
59 47 395
59 48 428
59 49 475
59 50 562
59 51 464
59 52 353
59 53 413
59 54 509
59 55 519
59 56 409
59 57 416
59 58 413
59 59 0
59 60 35
59 61 121
59 62 206
59 63 224
59 64 253
59 65 301
59 66 340
59 67 383
59 68 442
59 69 289
59 70 299
59 71 357
59 72 419
59 73 320
59 74 414
59 75 498
59 76 406
59 77 261
59 78 297
59 79 314
59 80 361
59 81 414
59 82 453
59 83 537
59 84 367
59 85 351
59 86 449
59 87 542
59 88 215
59 89 288
59 90 353
59 91 379
59 92 452
59 93 471
59 94 393
59 95 469
59 96 267
59 97 304
59 98 350
59 99 310
59 100 349
60 1 546
60 2 623
60 3 318
60 4 408
60 5 430
60 6 182
60 7 201
60 8 212
60 9 216
60 10 219
60 11 235
60 12 302
60 13 337
60 14 358
60 15 372
60 16 415
60 17 426
60 18 517
60 19 572
60 20 321
60 21 401
60 22 491
60 23 475
60 24 433
60 25 456
60 26 388
60 27 450
60 28 470
60 29 495
60 30 375
60 31 452
60 32 493
60 33 431
60 34 528
60 35 529
60 36 427
60 37 440
60 38 509
60 39 581
60 40 354
60 41 410
60 42 439
60 43 471
60 44 303
60 45 402
60 46 453
60 47 477
60 48 399
60 49 446
60 50 533
60 51 595
60 52 402
60 53 441
60 54 537
60 55 547
60 56 401
60 57 381
60 58 378
60 59 349
60 60 0
60 61 86
60 62 171
60 63 189
60 64 218
60 65 266
60 66 305
60 67 348
60 68 407
60 69 254
60 70 264
60 71 322
60 72 384
60 73 433
60 74 527
60 75 611
60 76 371
60 77 226
60 78 262
60 79 279
60 80 326
60 81 414
60 82 430
60 83 514
60 84 359
60 85 416
60 86 514
60 87 607
60 88 536
60 89 609
60 90 502
60 91 528
60 92 583
60 93 602
60 94 358
60 95 434
60 96 349
60 97 386
60 98 432
60 99 441
60 100 480
61 1 460
61 2 537
61 3 232
61 4 322
61 5 344
61 6 96
61 7 115
61 8 126
61 9 130
61 10 133
61 11 149
61 12 216
61 13 251
61 14 272
61 15 286
61 16 329
61 17 340
61 18 431
61 19 486
61 20 235
61 21 315
61 22 405
61 23 389
61 24 347
61 25 370
61 26 302
61 27 364
61 28 384
61 29 409
61 30 289
61 31 366
61 32 407
61 33 345
61 34 442
61 35 443
61 36 341
61 37 354
61 38 423
61 39 495
61 40 268
61 41 324
61 42 353
61 43 385
61 44 217
61 45 316
61 46 367
61 47 391
61 48 313
61 49 360
61 50 447
61 51 509
61 52 316
61 53 355
61 54 451
61 55 461
61 56 315
61 57 295
61 58 292
61 59 263
61 60 298
61 61 0
61 62 85
61 63 103
61 64 132
61 65 180
61 66 219
61 67 262
61 68 321
61 69 168
61 70 178
61 71 236
61 72 298
61 73 347
61 74 441
61 75 525
61 76 285
61 77 140
61 78 176
61 79 193
61 80 240
61 81 328
61 82 344
61 83 428
61 84 273
61 85 330
61 86 428
61 87 521
61 88 450
61 89 523
61 90 416
61 91 442
61 92 497
61 93 516
61 94 272
61 95 348
61 96 263
61 97 300
61 98 346
61 99 355
61 100 394
62 1 437
62 2 514
62 3 308
62 4 398
62 5 413
62 6 395
62 7 414
62 8 425
62 9 429
62 10 432
62 11 448
62 12 515
62 13 550
62 14 329
62 15 343
62 16 386
62 17 397
62 18 488
62 19 543
62 20 311
62 21 390
62 22 480
62 23 305
62 24 355
62 25 378
62 26 245
62 27 307
62 28 392
62 29 417
62 30 509
62 31 317
62 32 358
62 33 260
62 34 357
62 35 358
62 36 349
62 37 367
62 38 436
62 39 508
62 40 183
62 41 239
62 42 296
62 43 374
62 44 277
62 45 376
62 46 427
62 47 451
62 48 228
62 49 275
62 50 362
62 51 433
62 52 231
62 53 270
62 54 366
62 55 376
62 56 331
62 57 387
62 58 412
62 59 178
62 60 213
62 61 299
62 62 0
62 63 18
62 64 47
62 65 95
62 66 134
62 67 177
62 68 236
62 69 244
62 70 254
62 71 312
62 72 258
62 73 307
62 74 401
62 75 485
62 76 554
62 77 439
62 78 475
62 79 492
62 80 539
62 81 387
62 82 259
62 83 343
62 84 399
62 85 338
62 86 436
62 87 529
62 88 393
62 89 466
62 90 473
62 91 499
62 92 412
62 93 431
62 94 461
62 95 403
62 96 240
62 97 277
62 98 323
62 99 332
62 100 371
63 1 419
63 2 496
63 3 290
63 4 380
63 5 395
63 6 377
63 7 396
63 8 407
63 9 411
63 10 414
63 11 430
63 12 497
63 13 532
63 14 311
63 15 325
63 16 368
63 17 379
63 18 470
63 19 525
63 20 293
63 21 372
63 22 462
63 23 287
63 24 337
63 25 360
63 26 227
63 27 289
63 28 374
63 29 399
63 30 491
63 31 299
63 32 340
63 33 242
63 34 339
63 35 340
63 36 331
63 37 349
63 38 418
63 39 490
63 40 165
63 41 221
63 42 278
63 43 356
63 44 259
63 45 358
63 46 409
63 47 433
63 48 210
63 49 257
63 50 344
63 51 415
63 52 213
63 53 252
63 54 348
63 55 358
63 56 313
63 57 369
63 58 394
63 59 160
63 60 195
63 61 281
63 62 366
63 63 0
63 64 29
63 65 77
63 66 116
63 67 159
63 68 218
63 69 226
63 70 236
63 71 294
63 72 240
63 73 289
63 74 383
63 75 467
63 76 536
63 77 421
63 78 457
63 79 474
63 80 521
63 81 369
63 82 241
63 83 325
63 84 381
63 85 320
63 86 418
63 87 511
63 88 375
63 89 448
63 90 455
63 91 481
63 92 394
63 93 413
63 94 443
63 95 385
63 96 222
63 97 259
63 98 305
63 99 314
63 100 353
64 1 390
64 2 467
64 3 261
64 4 351
64 5 366
64 6 348
64 7 367
64 8 378
64 9 382
64 10 385
64 11 401
64 12 468
64 13 503
64 14 282
64 15 296
64 16 339
64 17 350
64 18 441
64 19 496
64 20 264
64 21 343
64 22 433
64 23 258
64 24 308
64 25 331
64 26 198
64 27 260
64 28 345
64 29 370
64 30 462
64 31 270
64 32 311
64 33 213
64 34 310
64 35 311
64 36 302
64 37 320
64 38 389
64 39 461
64 40 136
64 41 192
64 42 249
64 43 327
64 44 230
64 45 329
64 46 380
64 47 404
64 48 181
64 49 228
64 50 315
64 51 386
64 52 184
64 53 223
64 54 319
64 55 329
64 56 284
64 57 340
64 58 365
64 59 131
64 60 166
64 61 252
64 62 337
64 63 305
64 64 0
64 65 48
64 66 87
64 67 130
64 68 189
64 69 197
64 70 207
64 71 265
64 72 211
64 73 260
64 74 354
64 75 438
64 76 507
64 77 392
64 78 428
64 79 445
64 80 492
64 81 340
64 82 212
64 83 296
64 84 352
64 85 291
64 86 389
64 87 482
64 88 346
64 89 419
64 90 426
64 91 452
64 92 365
64 93 384
64 94 414
64 95 356
64 96 193
64 97 230
64 98 276
64 99 285
64 100 324
65 1 342
65 2 419
65 3 213
65 4 303
65 5 318
65 6 300
65 7 319
65 8 330
65 9 334
65 10 337
65 11 353
65 12 420
65 13 455
65 14 234
65 15 248
65 16 291
65 17 302
65 18 393
65 19 448
65 20 216
65 21 295
65 22 385
65 23 210
65 24 260
65 25 283
65 26 150
65 27 212
65 28 297
65 29 322
65 30 414
65 31 222
65 32 263
65 33 165
65 34 262
65 35 263
65 36 254
65 37 272
65 38 341
65 39 413
65 40 88
65 41 144
65 42 201
65 43 279
65 44 182
65 45 281
65 46 332
65 47 356
65 48 133
65 49 180
65 50 267
65 51 338
65 52 136
65 53 175
65 54 271
65 55 281
65 56 236
65 57 292
65 58 317
65 59 83
65 60 118
65 61 204
65 62 289
65 63 257
65 64 286
65 65 0
65 66 39
65 67 82
65 68 141
65 69 149
65 70 159
65 71 217
65 72 163
65 73 212
65 74 306
65 75 390
65 76 459
65 77 344
65 78 380
65 79 397
65 80 444
65 81 292
65 82 164
65 83 248
65 84 304
65 85 243
65 86 341
65 87 434
65 88 298
65 89 371
65 90 378
65 91 404
65 92 317
65 93 336
65 94 366
65 95 308
65 96 145
65 97 182
65 98 228
65 99 237
65 100 276
66 1 303
66 2 380
66 3 174
66 4 264
66 5 279
66 6 261
66 7 280
66 8 291
66 9 295
66 10 298
66 11 314
66 12 381
66 13 416
66 14 195
66 15 209
66 16 252
66 17 263
66 18 354
66 19 409
66 20 177
66 21 256
66 22 346
66 23 171
66 24 221
66 25 244
66 26 111
66 27 173
66 28 258
66 29 283
66 30 375
66 31 183
66 32 224
66 33 126
66 34 223
66 35 224
66 36 215
66 37 233
66 38 302
66 39 374
66 40 49
66 41 105
66 42 162
66 43 240
66 44 143
66 45 242
66 46 293
66 47 317
66 48 94
66 49 141
66 50 228
66 51 299
66 52 97
66 53 136
66 54 232
66 55 242
66 56 197
66 57 253
66 58 278
66 59 44
66 60 79
66 61 165
66 62 250
66 63 218
66 64 247
66 65 165
66 66 0
66 67 43
66 68 102
66 69 110
66 70 120
66 71 178
66 72 124
66 73 173
66 74 267
66 75 351
66 76 420
66 77 305
66 78 341
66 79 358
66 80 405
66 81 253
66 82 125
66 83 209
66 84 265
66 85 204
66 86 302
66 87 395
66 88 259
66 89 332
66 90 339
66 91 365
66 92 278
66 93 297
66 94 327
66 95 269
66 96 106
66 97 143
66 98 189
66 99 198
66 100 237
67 1 361
67 2 438
67 3 131
67 4 221
67 5 243
67 6 260
67 7 279
67 8 290
67 9 294
67 10 297
67 11 313
67 12 380
67 13 415
67 14 253
67 15 267
67 16 310
67 17 321
67 18 412
67 19 467
67 20 134
67 21 214
67 22 304
67 23 128
67 24 219
67 25 242
67 26 136
67 27 198
67 28 256
67 29 281
67 30 373
67 31 274
67 32 315
67 33 244
67 34 341
67 35 342
67 36 288
67 37 253
67 38 322
67 39 394
67 40 311
67 41 367
67 42 187
67 43 263
67 44 284
67 45 383
67 46 434
67 47 458
67 48 356
67 49 403
67 50 490
67 51 410
67 52 54
67 53 93
67 54 189
67 55 199
67 56 154
67 57 210
67 58 266
67 59 280
67 60 286
67 61 372
67 62 436
67 63 291
67 64 320
67 65 223
67 66 262
67 67 0
67 68 59
67 69 67
67 70 77
67 71 135
67 72 197
67 73 246
67 74 340
67 75 424
67 76 449
67 77 304
67 78 340
67 79 357
67 80 404
67 81 311
67 82 350
67 83 434
67 84 247
67 85 277
67 86 375
67 87 468
67 88 284
67 89 357
67 90 397
67 91 423
67 92 396
67 93 415
67 94 436
67 95 226
67 96 164
67 97 201
67 98 247
67 99 256
67 100 295
68 1 302
68 2 379
68 3 72
68 4 162
68 5 184
68 6 201
68 7 220
68 8 231
68 9 235
68 10 238
68 11 254
68 12 321
68 13 356
68 14 194
68 15 208
68 16 251
68 17 262
68 18 353
68 19 408
68 20 75
68 21 155
68 22 245
68 23 314
68 24 235
68 25 258
68 26 271
68 27 254
68 28 272
68 29 297
68 30 389
68 31 215
68 32 256
68 33 185
68 34 282
68 35 283
68 36 229
68 37 194
68 38 263
68 39 335
68 40 252
68 41 308
68 42 322
68 43 204
68 44 229
68 45 328
68 46 379
68 47 403
68 48 297
68 49 344
68 50 431
68 51 351
68 52 240
68 53 34
68 54 130
68 55 140
68 56 174
68 57 230
68 58 286
68 59 247
68 60 227
68 61 313
68 62 377
68 63 232
68 64 261
68 65 164
68 66 203
68 67 246
68 68 0
68 69 8
68 70 18
68 71 76
68 72 138
68 73 187
68 74 281
68 75 365
68 76 390
68 77 245
68 78 281
68 79 298
68 80 345
68 81 252
68 82 291
68 83 375
68 84 188
68 85 218
68 86 316
68 87 409
68 88 419
68 89 492
68 90 338
68 91 364
68 92 337
68 93 356
68 94 377
68 95 167
68 96 105
68 97 142
68 98 188
68 99 197
68 100 236
69 1 294
69 2 371
69 3 64
69 4 154
69 5 176
69 6 193
69 7 212
69 8 223
69 9 227
69 10 230
69 11 246
69 12 313
69 13 348
69 14 186
69 15 200
69 16 243
69 17 254
69 18 345
69 19 400
69 20 67
69 21 147
69 22 237
69 23 306
69 24 227
69 25 250
69 26 263
69 27 246
69 28 264
69 29 289
69 30 381
69 31 207
69 32 248
69 33 177
69 34 274
69 35 275
69 36 221
69 37 186
69 38 255
69 39 327
69 40 244
69 41 300
69 42 314
69 43 392
69 44 292
69 45 391
69 46 442
69 47 466
69 48 289
69 49 336
69 50 423
69 51 343
69 52 232
69 53 292
69 54 388
69 55 398
69 56 222
69 57 278
69 58 284
69 59 239
69 60 274
69 61 326
69 62 369
69 63 224
69 64 253
69 65 156
69 66 195
69 67 238
69 68 297
69 69 0
69 70 10
69 71 68
69 72 130
69 73 179
69 74 273
69 75 357
69 76 382
69 77 237
69 78 273
69 79 290
69 80 337
69 81 244
69 82 283
69 83 367
69 84 180
69 85 210
69 86 308
69 87 401
69 88 411
69 89 484
69 90 330
69 91 356
69 92 329
69 93 348
69 94 369
69 95 425
69 96 97
69 97 134
69 98 180
69 99 189
69 100 228
70 1 284
70 2 361
70 3 359
70 4 449
70 5 275
70 6 292
70 7 311
70 8 322
70 9 326
70 10 329
70 11 345
70 12 412
70 13 447
70 14 176
70 15 190
70 16 233
70 17 244
70 18 335
70 19 390
70 20 362
70 21 395
70 22 485
70 23 296
70 24 217
70 25 240
70 26 289
70 27 351
70 28 254
70 29 279
70 30 371
70 31 368
70 32 409
70 33 311
70 34 408
70 35 355
70 36 211
70 37 229
70 38 298
70 39 370
70 40 234
70 41 290
70 42 340
70 43 418
70 44 282
70 45 381
70 46 432
70 47 456
70 48 279
70 49 326
70 50 413
70 51 333
70 52 222
70 53 282
70 54 378
70 55 388
70 56 322
70 57 277
70 58 274
70 59 229
70 60 264
70 61 316
70 62 401
70 63 214
70 64 243
70 65 146
70 66 185
70 67 228
70 68 287
70 69 295
70 70 0
70 71 58
70 72 120
70 73 169
70 74 263
70 75 347
70 76 416
70 77 336
70 78 372
70 79 389
70 80 436
70 81 234
70 82 273
70 83 357
70 84 413
70 85 200
70 86 298
70 87 391
70 88 437
70 89 510
70 90 320
70 91 346
70 92 409
70 93 428
70 94 458
70 95 415
70 96 87
70 97 124
70 98 170
70 99 179
70 100 218
71 1 414
71 2 491
71 3 370
71 4 460
71 5 217
71 6 234
71 7 253
71 8 264
71 9 268
71 10 271
71 11 287
71 12 354
71 13 389
71 14 359
71 15 373
71 16 416
71 17 427
71 18 399
71 19 454
71 20 373
71 21 337
71 22 427
71 23 396
71 24 159
71 25 182
71 26 231
71 27 293
71 28 196
71 29 221
71 30 313
71 31 390
71 32 431
71 33 367
71 34 464
71 35 465
71 36 153
71 37 171
71 38 240
71 39 312
71 40 321
71 41 377
71 42 282
71 43 360
71 44 224
71 45 323
71 46 374
71 47 398
71 48 366
71 49 413
71 50 500
71 51 463
71 52 352
71 53 380
71 54 476
71 55 486
71 56 412
71 57 219
71 58 216
71 59 220
71 60 255
71 61 341
71 62 359
71 63 156
71 64 185
71 65 233
71 66 272
71 67 315
71 68 346
71 69 306
71 70 316
71 71 0
71 72 62
71 73 111
71 74 205
71 75 289
71 76 358
71 77 278
71 78 314
71 79 331
71 80 378
71 81 417
71 82 397
71 83 407
71 84 370
71 85 142
71 86 240
71 87 333
71 88 379
71 89 452
71 90 483
71 91 509
71 92 519
71 93 538
71 94 410
71 95 486
71 96 270
71 97 307
71 98 353
71 99 309
71 100 348
72 1 352
72 2 429
72 3 308
72 4 398
72 5 155
72 6 172
72 7 191
72 8 202
72 9 206
72 10 209
72 11 225
72 12 292
72 13 327
72 14 297
72 15 311
72 16 354
72 17 365
72 18 337
72 19 392
72 20 311
72 21 275
72 22 365
72 23 334
72 24 97
72 25 120
72 26 169
72 27 231
72 28 134
72 29 159
72 30 251
72 31 328
72 32 369
72 33 305
72 34 402
72 35 403
72 36 91
72 37 109
72 38 178
72 39 250
72 40 259
72 41 315
72 42 220
72 43 298
72 44 162
72 45 261
72 46 312
72 47 336
72 48 304
72 49 351
72 50 438
72 51 401
72 52 290
72 53 318
72 54 414
72 55 424
72 56 350
72 57 157
72 58 154
72 59 158
72 60 193
72 61 279
72 62 297
72 63 94
72 64 123
72 65 171
72 66 210
72 67 253
72 68 284
72 69 244
72 70 254
72 71 312
72 72 0
72 73 49
72 74 143
72 75 227
72 76 296
72 77 216
72 78 252
72 79 269
72 80 316
72 81 355
72 82 335
72 83 345
72 84 308
72 85 80
72 86 178
72 87 271
72 88 317
72 89 390
72 90 421
72 91 447
72 92 457
72 93 476
72 94 348
72 95 424
72 96 208
72 97 245
72 98 291
72 99 247
72 100 286
73 1 303
73 2 380
73 3 259
73 4 349
73 5 106
73 6 123
73 7 142
73 8 153
73 9 157
73 10 160
73 11 176
73 12 243
73 13 278
73 14 248
73 15 262
73 16 305
73 17 316
73 18 288
73 19 343
73 20 262
73 21 226
73 22 316
73 23 285
73 24 48
73 25 71
73 26 120
73 27 182
73 28 85
73 29 110
73 30 202
73 31 279
73 32 320
73 33 256
73 34 353
73 35 354
73 36 42
73 37 60
73 38 129
73 39 201
73 40 210
73 41 266
73 42 171
73 43 249
73 44 113
73 45 212
73 46 263
73 47 287
73 48 255
73 49 302
73 50 389
73 51 352
73 52 241
73 53 269
73 54 365
73 55 375
73 56 301
73 57 108
73 58 105
73 59 109
73 60 144
73 61 230
73 62 248
73 63 45
73 64 74
73 65 122
73 66 161
73 67 204
73 68 235
73 69 195
73 70 205
73 71 263
73 72 285
73 73 0
73 74 94
73 75 178
73 76 247
73 77 167
73 78 203
73 79 220
73 80 267
73 81 306
73 82 286
73 83 296
73 84 259
73 85 31
73 86 129
73 87 222
73 88 268
73 89 341
73 90 372
73 91 398
73 92 408
73 93 427
73 94 299
73 95 375
73 96 159
73 97 196
73 98 242
73 99 198
73 100 237
74 1 209
74 2 286
74 3 165
74 4 255
74 5 12
74 6 29
74 7 48
74 8 59
74 9 63
74 10 66
74 11 82
74 12 149
74 13 184
74 14 205
74 15 219
74 16 262
74 17 273
74 18 364
74 19 419
74 20 168
74 21 248
74 22 338
74 23 221
74 24 280
74 25 303
74 26 177
74 27 239
74 28 317
74 29 342
74 30 222
74 31 299
74 32 340
74 33 278
74 34 375
74 35 280
74 36 274
74 37 287
74 38 356
74 39 428
74 40 303
74 41 350
74 42 228
74 43 306
74 44 150
74 45 249
74 46 300
74 47 324
74 48 348
74 49 395
74 50 482
74 51 258
74 52 147
74 53 207
74 54 303
74 55 313
74 56 247
74 57 14
74 58 11
74 59 110
74 60 145
74 61 231
74 62 154
74 63 172
74 64 201
74 65 249
74 66 254
74 67 297
74 68 356
74 69 101
74 70 111
74 71 169
74 72 231
74 73 280
74 74 0
74 75 84
74 76 153
74 77 73
74 78 109
74 79 126
74 80 173
74 81 261
74 82 300
74 83 384
74 84 206
74 85 263
74 86 361
74 87 454
74 88 325
74 89 398
74 90 349
74 91 375
74 92 334
74 93 353
74 94 205
74 95 281
74 96 196
74 97 233
74 98 279
74 99 104
74 100 143
75 1 396
75 2 473
75 3 166
75 4 256
75 5 278
75 6 295
75 7 117
75 8 128
75 9 132
75 10 135
75 11 151
75 12 218
75 13 253
75 14 274
75 15 288
75 16 331
75 17 342
75 18 433
75 19 488
75 20 169
75 21 249
75 22 339
75 23 375
75 24 306
75 25 329
75 26 236
75 27 298
75 28 343
75 29 368
75 30 291
75 31 309
75 32 350
75 33 279
75 34 376
75 35 377
75 36 300
75 37 288
75 38 357
75 39 429
75 40 253
75 41 309
75 42 287
75 43 319
75 44 219
75 45 318
75 46 369
75 47 393
75 48 298
75 49 345
75 50 432
75 51 445
75 52 301
75 53 340
75 54 436
75 55 446
75 56 249
75 57 229
75 58 226
75 59 248
75 60 283
75 61 369
75 62 70
75 63 88
75 64 117
75 65 165
75 66 204
75 67 247
75 68 306
75 69 102
75 70 112
75 71 170
75 72 232
75 73 281
75 74 375
75 75 0
75 76 69
75 77 74
75 78 110
75 79 127
75 80 174
75 81 262
75 82 301
75 83 385
75 84 207
75 85 289
75 86 387
75 87 480
75 88 384
75 89 457
75 90 418
75 91 444
75 92 431
75 93 450
75 94 206
75 95 282
75 96 199
75 97 236
75 98 282
75 99 291
75 100 330
76 1 327
76 2 404
76 3 97
76 4 187
76 5 209
76 6 226
76 7 48
76 8 59
76 9 63
76 10 66
76 11 82
76 12 149
76 13 184
76 14 205
76 15 219
76 16 262
76 17 273
76 18 364
76 19 419
76 20 100
76 21 180
76 22 270
76 23 306
76 24 237
76 25 260
76 26 167
76 27 229
76 28 274
76 29 299
76 30 222
76 31 240
76 32 281
76 33 210
76 34 307
76 35 308
76 36 231
76 37 219
76 38 288
76 39 360
76 40 184
76 41 240
76 42 218
76 43 250
76 44 150
76 45 249
76 46 300
76 47 324
76 48 229
76 49 276
76 50 363
76 51 376
76 52 232
76 53 271
76 54 367
76 55 377
76 56 180
76 57 160
76 58 157
76 59 179
76 60 214
76 61 300
76 62 1
76 63 19
76 64 48
76 65 96
76 66 135
76 67 178
76 68 237
76 69 33
76 70 43
76 71 101
76 72 163
76 73 212
76 74 306
76 75 390
76 76 0
76 77 5
76 78 41
76 79 58
76 80 105
76 81 193
76 82 232
76 83 316
76 84 138
76 85 220
76 86 318
76 87 411
76 88 315
76 89 388
76 90 349
76 91 375
76 92 362
76 93 381
76 94 137
76 95 213
76 96 130
76 97 167
76 98 213
76 99 222
76 100 261
77 1 322
77 2 399
77 3 92
77 4 182
77 5 204
77 6 221
77 7 43
77 8 54
77 9 58
77 10 61
77 11 77
77 12 144
77 13 179
77 14 200
77 15 214
77 16 257
77 17 268
77 18 359
77 19 414
77 20 95
77 21 175
77 22 265
77 23 317
77 24 232
77 25 255
77 26 162
77 27 224
77 28 269
77 29 294
77 30 217
77 31 235
77 32 276
77 33 205
77 34 302
77 35 303
77 36 226
77 37 214
77 38 283
77 39 355
77 40 272
77 41 328
77 42 213
77 43 245
77 44 145
77 45 244
77 46 295
77 47 319
77 48 317
77 49 364
77 50 451
77 51 371
77 52 260
77 53 320
77 54 416
77 55 426
77 56 175
77 57 155
77 58 152
77 59 224
77 60 259
77 61 340
77 62 132
77 63 150
77 64 179
77 65 184
77 66 223
77 67 266
77 68 325
77 69 28
77 70 38
77 71 96
77 72 158
77 73 207
77 74 301
77 75 385
77 76 145
77 77 0
77 78 36
77 79 53
77 80 100
77 81 188
77 82 227
77 83 311
77 84 133
77 85 215
77 86 313
77 87 406
77 88 310
77 89 383
77 90 344
77 91 370
77 92 357
77 93 376
77 94 132
77 95 208
77 96 125
77 97 162
77 98 208
77 99 217
77 100 256
78 1 314
78 2 391
78 3 124
78 4 214
78 5 236
78 6 253
78 7 7
78 8 18
78 9 22
78 10 25
78 11 41
78 12 108
78 13 143
78 14 164
78 15 178
78 16 221
78 17 232
78 18 323
78 19 378
78 20 127
78 21 207
78 22 297
78 23 281
78 24 196
78 25 219
78 26 126
78 27 188
78 28 233
78 29 258
78 30 181
78 31 258
78 32 299
78 33 237
78 34 334
78 35 335
78 36 190
78 37 208
78 38 277
78 39 349
78 40 262
78 41 309
78 42 177
78 43 209
78 44 109
78 45 208
78 46 259
78 47 283
78 48 307
78 49 354
78 50 441
78 51 363
78 52 252
78 53 312
78 54 408
78 55 418
78 56 139
78 57 119
78 58 116
78 59 188
78 60 223
78 61 304
78 62 96
78 63 114
78 64 143
78 65 191
78 66 213
78 67 256
78 68 315
78 69 60
78 70 70
78 71 128
78 72 190
78 73 239
78 74 333
78 75 417
78 76 109
78 77 32
78 78 0
78 79 17
78 80 64
78 81 152
78 82 191
78 83 275
78 84 97
78 85 179
78 86 277
78 87 370
78 88 274
78 89 347
78 90 308
78 91 334
78 92 389
78 93 408
78 94 96
78 95 172
78 96 155
78 97 192
78 98 238
78 99 209
78 100 248
79 1 297
79 2 374
79 3 189
79 4 279
79 5 301
79 6 318
79 7 140
79 8 151
79 9 155
79 10 58
79 11 74
79 12 141
79 13 176
79 14 197
79 15 211
79 16 254
79 17 265
79 18 356
79 19 411
79 20 192
79 21 255
79 22 345
79 23 309
79 24 179
79 25 202
79 26 109
79 27 171
79 28 216
79 29 241
79 30 214
79 31 291
79 32 332
79 33 285
79 34 382
79 35 368
79 36 173
79 37 191
79 38 260
79 39 332
79 40 262
79 41 318
79 42 160
79 43 192
79 44 142
79 45 241
79 46 292
79 47 316
79 48 307
79 49 354
79 50 441
79 51 346
79 52 235
79 53 295
79 54 391
79 55 401
79 56 122
79 57 102
79 58 99
79 59 171
79 60 206
79 61 292
79 62 79
79 63 97
79 64 126
79 65 174
79 66 213
79 67 256
79 68 315
79 69 125
79 70 135
79 71 193
79 72 255
79 73 304
79 74 398
79 75 482
79 76 92
79 77 97
79 78 133
79 79 0
79 80 47
79 81 135
79 82 174
79 83 258
79 84 80
79 85 162
79 86 260
79 87 353
79 88 257
79 89 330
79 90 341
79 91 367
79 92 422
79 93 441
79 94 79
79 95 155
79 96 186
79 97 223
79 98 269
79 99 192
79 100 231
80 1 338
80 2 415
80 3 142
80 4 232
80 5 254
80 6 271
80 7 93
80 8 104
80 9 108
80 10 11
80 11 27
80 12 94
80 13 129
80 14 150
80 15 164
80 16 207
80 17 218
80 18 309
80 19 364
80 20 145
80 21 208
80 22 298
80 23 267
80 24 132
80 25 155
80 26 82
80 27 144
80 28 169
80 29 194
80 30 167
80 31 244
80 32 285
80 33 238
80 34 335
80 35 336
80 36 126
80 37 144
80 38 213
80 39 285
80 40 215
80 41 271
80 42 133
80 43 211
80 44 95
80 45 194
80 46 245
80 47 269
80 48 260
80 49 307
80 50 394
80 51 387
80 52 263
80 53 302
80 54 398
80 55 408
80 56 75
80 57 131
80 58 187
80 59 124
80 60 159
80 61 245
80 62 32
80 63 50
80 64 79
80 65 127
80 66 166
80 67 209
80 68 268
80 69 78
80 70 88
80 71 146
80 72 208
80 73 257
80 74 351
80 75 435
80 76 45
80 77 50
80 78 86
80 79 103
80 80 0
80 81 88
80 82 127
80 83 211
80 84 33
80 85 115
80 86 213
80 87 306
80 88 230
80 89 303
80 90 294
80 91 320
80 92 390
80 93 409
80 94 182
80 95 258
80 96 141
80 97 178
80 98 224
80 99 233
80 100 272
81 1 300
81 2 377
81 3 241
81 4 331
81 5 353
81 6 253
81 7 272
81 8 283
81 9 287
81 10 290
81 11 306
81 12 373
81 13 408
81 14 192
81 15 206
81 16 249
81 17 260
81 18 351
81 19 406
81 20 378
81 21 170
81 22 260
81 23 229
81 24 255
81 25 214
81 26 57
81 27 119
81 28 215
81 29 240
81 30 292
81 31 257
81 32 298
81 33 200
81 34 297
81 35 298
81 36 249
81 37 267
81 38 336
81 39 408
81 40 250
81 41 257
81 42 108
81 43 186
81 44 57
81 45 156
81 46 207
81 47 231
81 48 264
81 49 311
81 50 398
81 51 349
81 52 238
81 53 298
81 54 394
81 55 404
81 56 221
81 57 277
81 58 333
81 59 36
81 60 71
81 61 157
81 62 242
81 63 260
81 64 289
81 65 162
81 66 201
81 67 244
81 68 303
81 69 311
81 70 321
81 71 379
81 72 294
81 73 310
81 74 404
81 75 488
81 76 442
81 77 297
81 78 333
81 79 350
81 80 397
81 81 0
81 82 39
81 83 123
81 84 179
81 85 238
81 86 336
81 87 429
81 88 205
81 89 278
81 90 336
81 91 362
81 92 352
81 93 371
81 94 401
81 95 431
81 96 103
81 97 140
81 98 186
81 99 195
81 100 234
82 1 261
82 2 338
82 3 270
82 4 360
82 5 382
82 6 389
82 7 408
82 8 419
82 9 423
82 10 426
82 11 442
82 12 509
82 13 544
82 14 153
82 15 167
82 16 210
82 17 221
82 18 312
82 19 367
82 20 339
82 21 131
82 22 221
82 23 190
82 24 216
82 25 175
82 26 224
82 27 230
82 28 253
82 29 278
82 30 253
82 31 218
82 32 259
82 33 161
82 34 258
82 35 259
82 36 210
82 37 228
82 38 297
82 39 369
82 40 211
82 41 218
82 42 137
82 43 215
82 44 18
82 45 117
82 46 168
82 47 192
82 48 225
82 49 272
82 50 359
82 51 310
82 52 199
82 53 259
82 54 355
82 55 365
82 56 182
82 57 238
82 58 294
82 59 206
82 60 241
82 61 293
82 62 378
82 63 349
82 64 378
82 65 123
82 66 162
82 67 205
82 68 264
82 69 272
82 70 282
82 71 340
82 72 255
82 73 304
82 74 398
82 75 482
82 76 551
82 77 433
82 78 469
82 79 486
82 80 533
82 81 211
82 82 0
82 83 84
82 84 140
82 85 199
82 86 297
82 87 390
82 88 234
82 89 307
82 90 297
82 91 323
82 92 313
82 93 332
82 94 362
82 95 392
82 96 64
82 97 101
82 98 147
82 99 156
82 100 195
83 1 350
83 2 427
83 3 186
83 4 276
83 5 298
83 6 315
83 7 334
83 8 345
83 9 349
83 10 352
83 11 368
83 12 435
83 13 470
83 14 291
83 15 305
83 16 348
83 17 359
83 18 395
83 19 450
83 20 417
83 21 269
83 22 359
83 23 328
83 24 155
83 25 178
83 26 227
83 27 289
83 28 192
83 29 217
83 30 309
83 31 329
83 32 370
83 33 299
83 34 396
83 35 397
83 36 149
83 37 167
83 38 236
83 39 308
83 40 325
83 41 356
83 42 53
83 43 131
83 44 156
83 45 255
83 46 306
83 47 330
83 48 363
83 49 410
83 50 497
83 51 399
83 52 288
83 53 348
83 54 444
83 55 454
83 56 98
83 57 154
83 58 210
83 59 216
83 60 251
83 61 337
83 62 422
83 63 300
83 64 329
83 65 261
83 66 300
83 67 343
83 68 342
83 69 350
83 70 360
83 71 418
83 72 393
83 73 255
83 74 349
83 75 433
83 76 502
83 77 359
83 78 395
83 79 412
83 80 459
83 81 349
83 82 388
83 83 0
83 84 56
83 85 138
83 86 236
83 87 329
83 88 150
83 89 223
83 90 288
83 91 314
83 92 387
83 93 406
83 94 436
83 95 481
83 96 202
83 97 239
83 98 285
83 99 245
83 100 284
84 1 352
84 2 429
84 3 355
84 4 445
84 5 467
84 6 377
84 7 396
84 8 407
84 9 411
84 10 414
84 11 430
84 12 497
84 13 532
84 14 299
84 15 313
84 16 356
84 17 367
84 18 339
84 19 394
84 20 361
84 21 277
84 22 367
84 23 336
84 24 99
84 25 122
84 26 171
84 27 233
84 28 136
84 29 161
84 30 253
84 31 330
84 32 371
84 33 307
84 34 404
84 35 405
84 36 93
84 37 111
84 38 180
84 39 252
84 40 269
84 41 325
84 42 222
84 43 300
84 44 164
84 45 263
84 46 314
84 47 338
84 48 314
84 49 361
84 50 448
84 51 401
84 52 290
84 53 320
84 54 416
84 55 426
84 56 42
84 57 98
84 58 154
84 59 160
84 60 195
84 61 281
84 62 366
84 63 384
84 64 413
84 65 269
84 66 308
84 67 351
84 68 286
84 69 294
84 70 304
84 71 362
84 72 344
84 73 393
84 74 487
84 75 571
84 76 566
84 77 421
84 78 457
84 79 474
84 80 521
84 81 357
84 82 345
84 83 347
84 84 0
84 85 82
84 86 180
84 87 273
84 88 319
84 89 392
84 90 423
84 91 449
84 92 459
84 93 478
84 94 508
84 95 453
84 96 210
84 97 247
84 98 293
84 99 247
84 100 286
85 1 325
85 2 402
85 3 273
85 4 363
85 5 385
85 6 295
85 7 314
85 8 325
85 9 329
85 10 332
85 11 348
85 12 415
85 13 450
85 14 217
85 15 231
85 16 274
85 17 285
85 18 257
85 19 312
85 20 279
85 21 195
85 22 285
85 23 254
85 24 17
85 25 40
85 26 89
85 27 151
85 28 54
85 29 79
85 30 171
85 31 248
85 32 289
85 33 225
85 34 322
85 35 323
85 36 11
85 37 29
85 38 98
85 39 170
85 40 187
85 41 243
85 42 140
85 43 218
85 44 82
85 45 181
85 46 232
85 47 256
85 48 232
85 49 279
85 50 366
85 51 374
85 52 263
85 53 238
85 54 334
85 55 344
85 56 270
85 57 326
85 58 382
85 59 78
85 60 113
85 61 199
85 62 284
85 63 302
85 64 331
85 65 187
85 66 226
85 67 269
85 68 204
85 69 212
85 70 222
85 71 280
85 72 262
85 73 311
85 74 405
85 75 489
85 76 484
85 77 339
85 78 375
85 79 392
85 80 439
85 81 275
85 82 263
85 83 265
85 84 228
85 85 0
85 86 98
85 87 191
85 88 237
85 89 310
85 90 341
85 91 367
85 92 377
85 93 396
85 94 426
85 95 371
85 96 128
85 97 165
85 98 211
85 99 220
85 100 259
86 1 384
86 2 461
86 3 523
86 4 558
86 5 395
86 6 412
86 7 431
86 8 442
86 9 446
86 10 449
86 11 465
86 12 532
86 13 567
86 14 537
86 15 551
86 16 594
86 17 605
86 18 577
86 19 632
86 20 483
86 21 515
86 22 605
86 23 396
86 24 337
86 25 360
86 26 404
86 27 466
86 28 374
86 29 399
86 30 491
86 31 568
86 32 609
86 33 545
86 34 642
86 35 455
86 36 331
86 37 349
86 38 418
86 39 490
86 40 495
86 41 551
86 42 455
86 43 533
86 44 402
86 45 501
86 46 552
86 47 576
86 48 540
86 49 587
86 50 674
86 51 433
86 52 322
86 53 382
86 54 478
86 55 488
86 56 422
86 57 397
86 58 394
86 59 398
86 60 433
86 61 519
86 62 537
86 63 334
86 64 363
86 65 411
86 66 446
86 67 489
86 68 524
86 69 484
86 70 494
86 71 552
86 72 570
86 73 289
86 74 383
86 75 467
86 76 536
86 77 456
86 78 492
86 79 509
86 80 556
86 81 595
86 82 571
86 83 585
86 84 548
86 85 320
86 86 0
86 87 93
86 88 184
86 89 257
86 90 322
86 91 348
86 92 421
86 93 440
86 94 470
86 95 515
86 96 448
86 97 485
86 98 531
86 99 279
86 100 318
87 1 291
87 2 368
87 3 430
87 4 465
87 5 302
87 6 319
87 7 338
87 8 349
87 9 353
87 10 356
87 11 372
87 12 439
87 13 474
87 14 444
87 15 458
87 16 501
87 17 512
87 18 484
87 19 539
87 20 390
87 21 422
87 22 512
87 23 303
87 24 244
87 25 267
87 26 311
87 27 373
87 28 281
87 29 306
87 30 398
87 31 475
87 32 516
87 33 452
87 34 549
87 35 362
87 36 238
87 37 256
87 38 325
87 39 397
87 40 402
87 41 458
87 42 362
87 43 440
87 44 309
87 45 408
87 46 459
87 47 483
87 48 447
87 49 494
87 50 581
87 51 340
87 52 229
87 53 289
87 54 385
87 55 395
87 56 329
87 57 304
87 58 301
87 59 305
87 60 340
87 61 426
87 62 444
87 63 241
87 64 270
87 65 318
87 66 353
87 67 396
87 68 431
87 69 391
87 70 401
87 71 459
87 72 477
87 73 196
87 74 290
87 75 374
87 76 443
87 77 363
87 78 399
87 79 416
87 80 463
87 81 502
87 82 478
87 83 492
87 84 455
87 85 227
87 86 325
87 87 0
87 88 91
87 89 164
87 90 229
87 91 255
87 92 328
87 93 347
87 94 377
87 95 422
87 96 355
87 97 392
87 98 438
87 99 186
87 100 225
88 1 200
88 2 277
88 3 339
88 4 374
88 5 211
88 6 228
88 7 247
88 8 258
88 9 262
88 10 265
88 11 281
88 12 348
88 13 383
88 14 353
88 15 367
88 16 410
88 17 421
88 18 393
88 19 448
88 20 299
88 21 331
88 22 421
88 23 212
88 24 153
88 25 176
88 26 220
88 27 282
88 28 190
88 29 215
88 30 307
88 31 384
88 32 425
88 33 361
88 34 458
88 35 271
88 36 147
88 37 165
88 38 234
88 39 306
88 40 311
88 41 367
88 42 271
88 43 349
88 44 218
88 45 317
88 46 368
88 47 392
88 48 356
88 49 403
88 50 490
88 51 249
88 52 138
88 53 198
88 54 294
88 55 304
88 56 238
88 57 213
88 58 210
88 59 214
88 60 249
88 61 335
88 62 353
88 63 150
88 64 179
88 65 227
88 66 262
88 67 305
88 68 340
88 69 300
88 70 310
88 71 368
88 72 386
88 73 105
88 74 199
88 75 283
88 76 352
88 77 272
88 78 308
88 79 325
88 80 372
88 81 411
88 82 387
88 83 401
88 84 364
88 85 136
88 86 234
88 87 327
88 88 0
88 89 73
88 90 138
88 91 164
88 92 237
88 93 256
88 94 286
88 95 331
88 96 264
88 97 301
88 98 347
88 99 95
88 100 134
89 1 245
89 2 322
89 3 291
89 4 381
89 5 138
89 6 155
89 7 174
89 8 185
89 9 189
89 10 192
89 11 208
89 12 275
89 13 310
89 14 280
89 15 294
89 16 337
89 17 348
89 18 320
89 19 375
89 20 294
89 21 258
89 22 348
89 23 257
89 24 80
89 25 103
89 26 152
89 27 214
89 28 117
89 29 142
89 30 234
89 31 311
89 32 352
89 33 288
89 34 385
89 35 316
89 36 74
89 37 92
89 38 161
89 39 233
89 40 242
89 41 298
89 42 203
89 43 281
89 44 145
89 45 244
89 46 295
89 47 319
89 48 287
89 49 334
89 50 421
89 51 294
89 52 183
89 53 243
89 54 339
89 55 349
89 56 283
89 57 140
89 58 137
89 59 141
89 60 176
89 61 262
89 62 280
89 63 77
89 64 106
89 65 154
89 66 193
89 67 236
89 68 267
89 69 227
89 70 237
89 71 295
89 72 317
89 73 32
89 74 126
89 75 210
89 76 279
89 77 199
89 78 235
89 79 252
89 80 299
89 81 338
89 82 318
89 83 328
89 84 291
89 85 63
89 86 161
89 87 254
89 88 300
89 89 0
89 90 65
89 91 91
89 92 164
89 93 183
89 94 213
89 95 289
89 96 191
89 97 228
89 98 274
89 99 140
89 100 179
90 1 180
90 2 257
90 3 316
90 4 354
90 5 376
90 6 393
90 7 412
90 8 423
90 9 427
90 10 430
90 11 446
90 12 513
90 13 548
90 14 344
90 15 358
90 16 401
90 17 412
90 18 343
90 19 398
90 20 279
90 21 332
90 22 422
90 23 192
90 24 271
90 25 294
90 26 178
90 27 240
90 28 308
90 29 333
90 30 425
90 31 407
90 32 448
90 33 350
90 34 447
90 35 251
90 36 265
90 37 115
90 38 184
90 39 256
90 40 273
90 41 329
90 42 229
90 43 261
90 44 286
90 45 318
90 46 369
90 47 393
90 48 318
90 49 365
90 50 452
90 51 229
90 52 118
90 53 178
90 54 274
90 55 284
90 56 218
90 57 274
90 58 330
90 59 286
90 60 314
90 61 400
90 62 485
90 63 369
90 64 398
90 65 314
90 66 242
90 67 285
90 68 290
90 69 298
90 70 308
90 71 366
90 72 348
90 73 324
90 74 418
90 75 502
90 76 571
90 77 437
90 78 473
90 79 490
90 80 537
90 81 402
90 82 349
90 83 351
90 84 365
90 85 355
90 86 453
90 87 546
90 88 326
90 89 399
90 90 0
90 91 26
90 92 99
90 93 118
90 94 148
90 95 224
90 96 255
90 97 292
90 98 338
90 99 75
90 100 114
91 1 154
91 2 231
91 3 290
91 4 328
91 5 350
91 6 367
91 7 386
91 8 397
91 9 401
91 10 404
91 11 420
91 12 487
91 13 522
91 14 318
91 15 332
91 16 375
91 17 386
91 18 317
91 19 372
91 20 253
91 21 306
91 22 396
91 23 166
91 24 245
91 25 268
91 26 152
91 27 214
91 28 282
91 29 307
91 30 399
91 31 381
91 32 422
91 33 324
91 34 421
91 35 225
91 36 239
91 37 89
91 38 158
91 39 230
91 40 247
91 41 303
91 42 203
91 43 235
91 44 260
91 45 292
91 46 343
91 47 367
91 48 292
91 49 339
91 50 426
91 51 203
91 52 92
91 53 152
91 54 248
91 55 258
91 56 192
91 57 248
91 58 304
91 59 260
91 60 288
91 61 374
91 62 459
91 63 343
91 64 372
91 65 288
91 66 216
91 67 259
91 68 264
91 69 272
91 70 282
91 71 340
91 72 322
91 73 298
91 74 392
91 75 476
91 76 545
91 77 411
91 78 447
91 79 464
91 80 511
91 81 376
91 82 323
91 83 325
91 84 339
91 85 329
91 86 427
91 87 520
91 88 300
91 89 373
91 90 401
91 91 0
91 92 73
91 93 92
91 94 122
91 95 198
91 96 229
91 97 266
91 98 312
91 99 49
91 100 88
92 1 353
92 2 430
92 3 217
92 4 307
92 5 329
92 6 346
92 7 365
92 8 376
92 9 380
92 10 383
92 11 399
92 12 466
92 13 501
92 14 245
92 15 259
92 16 302
92 17 313
92 18 404
92 19 459
92 20 431
92 21 300
92 22 390
92 23 359
92 24 380
92 25 344
92 26 79
92 27 141
92 28 237
92 29 262
92 30 354
92 31 360
92 32 401
92 33 330
92 34 427
92 35 424
92 36 374
92 37 339
92 38 408
92 39 480
92 40 303
92 41 359
92 42 130
92 43 162
92 44 187
92 45 286
92 46 337
92 47 361
92 48 348
92 49 395
92 50 482
92 51 402
92 52 291
92 53 351
92 54 447
92 55 457
92 56 375
92 57 431
92 58 437
92 59 298
92 60 215
92 61 301
92 62 386
92 63 377
92 64 406
92 65 215
92 66 254
92 67 297
92 68 356
92 69 364
92 70 374
92 71 432
92 72 378
92 73 332
92 74 426
92 75 510
92 76 535
92 77 390
92 78 426
92 79 443
92 80 490
92 81 303
92 82 342
92 83 426
92 84 333
92 85 363
92 86 461
92 87 554
92 88 227
92 89 300
92 90 365
92 91 391
92 92 0
92 93 19
92 94 49
92 95 125
92 96 156
92 97 193
92 98 239
92 99 248
92 100 287
93 1 334
93 2 411
93 3 198
93 4 288
93 5 310
93 6 327
93 7 346
93 8 357
93 9 361
93 10 364
93 11 380
93 12 447
93 13 482
93 14 226
93 15 240
93 16 283
93 17 294
93 18 385
93 19 440
93 20 412
93 21 281
93 22 371
93 23 340
93 24 361
93 25 325
93 26 60
93 27 122
93 28 218
93 29 243
93 30 335
93 31 341
93 32 382
93 33 311
93 34 408
93 35 405
93 36 355
93 37 320
93 38 389
93 39 461
93 40 284
93 41 340
93 42 111
93 43 143
93 44 168
93 45 267
93 46 318
93 47 342
93 48 329
93 49 376
93 50 463
93 51 383
93 52 272
93 53 332
93 54 428
93 55 438
93 56 356
93 57 412
93 58 418
93 59 279
93 60 196
93 61 282
93 62 367
93 63 358
93 64 387
93 65 196
93 66 235
93 67 278
93 68 337
93 69 345
93 70 355
93 71 413
93 72 359
93 73 313
93 74 407
93 75 491
93 76 516
93 77 371
93 78 407
93 79 424
93 80 471
93 81 284
93 82 323
93 83 407
93 84 314
93 85 344
93 86 442
93 87 535
93 88 208
93 89 281
93 90 346
93 91 372
93 92 445
93 93 0
93 94 30
93 95 106
93 96 137
93 97 174
93 98 220
93 99 229
93 100 268
94 1 304
94 2 381
94 3 168
94 4 258
94 5 280
94 6 297
94 7 316
94 8 327
94 9 331
94 10 334
94 11 350
94 12 417
94 13 452
94 14 196
94 15 210
94 16 253
94 17 264
94 18 355
94 19 410
94 20 382
94 21 251
94 22 341
94 23 310
94 24 331
94 25 295
94 26 30
94 27 92
94 28 188
94 29 213
94 30 305
94 31 311
94 32 352
94 33 281
94 34 378
94 35 375
94 36 325
94 37 290
94 38 359
94 39 431
94 40 254
94 41 310
94 42 81
94 43 113
94 44 138
94 45 237
94 46 288
94 47 312
94 48 299
94 49 346
94 50 433
94 51 353
94 52 242
94 53 302
94 54 398
94 55 408
94 56 326
94 57 382
94 58 388
94 59 249
94 60 166
94 61 252
94 62 337
94 63 328
94 64 357
94 65 166
94 66 205
94 67 248
94 68 307
94 69 315
94 70 325
94 71 383
94 72 329
94 73 283
94 74 377
94 75 461
94 76 486
94 77 341
94 78 377
94 79 394
94 80 441
94 81 254
94 82 293
94 83 377
94 84 284
94 85 314
94 86 412
94 87 505
94 88 178
94 89 251
94 90 316
94 91 342
94 92 415
94 93 434
94 94 0
94 95 76
94 96 107
94 97 144
94 98 190
94 99 199
94 100 238
95 1 228
95 2 305
95 3 92
95 4 182
95 5 204
95 6 221
95 7 240
95 8 251
95 9 255
95 10 258
95 11 274
95 12 341
95 13 376
95 14 120
95 15 134
95 16 177
95 17 188
95 18 279
95 19 334
95 20 306
95 21 175
95 22 265
95 23 234
95 24 260
95 25 219
95 26 235
95 27 274
95 28 297
95 29 322
95 30 297
95 31 235
95 32 276
95 33 205
95 34 302
95 35 299
95 36 254
95 37 214
95 38 283
95 39 355
95 40 178
95 41 234
95 42 286
95 43 37
95 44 62
95 45 161
95 46 212
95 47 236
95 48 223
95 49 270
95 50 357
95 51 277
95 52 166
95 53 226
95 54 322
95 55 332
95 56 250
95 57 306
95 58 362
95 59 173
95 60 90
95 61 176
95 62 261
95 63 279
95 64 308
95 65 90
95 66 129
95 67 172
95 68 231
95 69 239
95 70 249
95 71 307
95 72 253
95 73 302
95 74 396
95 75 480
95 76 410
95 77 265
95 78 301
95 79 318
95 80 365
95 81 178
95 82 217
95 83 301
95 84 208
95 85 243
95 86 341
95 87 434
95 88 383
95 89 456
95 90 264
95 91 290
95 92 353
95 93 372
95 94 397
95 95 0
95 96 31
95 97 68
95 98 114
95 99 123
95 100 162
96 1 197
96 2 274
96 3 272
96 4 362
96 5 377
96 6 325
96 7 344
96 8 355
96 9 359
96 10 362
96 11 378
96 12 445
96 13 480
96 14 89
96 15 103
96 16 146
96 17 157
96 18 248
96 19 303
96 20 275
96 21 317
96 22 407
96 23 209
96 24 288
96 25 311
96 26 204
96 27 266
96 28 325
96 29 350
96 30 439
96 31 281
96 32 322
96 33 224
96 34 321
96 35 268
96 36 282
96 37 300
96 38 369
96 39 441
96 40 147
96 41 203
96 42 255
96 43 333
96 44 204
96 45 303
96 46 354
96 47 378
96 48 192
96 49 239
96 50 326
96 51 246
96 52 135
96 53 195
96 54 291
96 55 301
96 56 235
96 57 291
96 58 347
96 59 142
96 60 177
96 61 229
96 62 314
96 63 316
96 64 345
96 65 59
96 66 98
96 67 141
96 68 200
96 69 208
96 70 218
96 71 276
96 72 222
96 73 271
96 74 365
96 75 449
96 76 514
96 77 369
96 78 405
96 79 422
96 80 469
96 81 147
96 82 186
96 83 270
96 84 326
96 85 302
96 86 400
96 87 493
96 88 352
96 89 425
96 90 233
96 91 259
96 92 322
96 93 341
96 94 371
96 95 328
96 96 0
96 97 37
96 98 83
96 99 92
96 100 131
97 1 160
97 2 237
97 3 299
97 4 334
97 5 356
97 6 373
97 7 392
97 8 403
97 9 407
97 10 410
97 11 426
97 12 493
97 13 528
97 14 411
97 15 425
97 16 468
97 17 479
97 18 491
97 19 546
97 20 259
97 21 312
97 22 402
97 23 172
97 24 251
97 25 274
97 26 180
97 27 242
97 28 288
97 29 313
97 30 405
97 31 387
97 32 428
97 33 342
97 34 439
97 35 231
97 36 245
97 37 263
97 38 332
97 39 404
97 40 271
97 41 327
97 42 231
97 43 309
97 44 316
97 45 298
97 46 349
97 47 373
97 48 316
97 49 363
97 50 450
97 51 209
97 52 98
97 53 158
97 54 254
97 55 264
97 56 198
97 57 254
97 58 310
97 59 266
97 60 301
97 61 387
97 62 472
97 63 349
97 64 378
97 65 381
97 66 222
97 67 265
97 68 324
97 69 332
97 70 342
97 71 400
97 72 346
97 73 304
97 74 398
97 75 482
97 76 551
97 77 417
97 78 453
97 79 470
97 80 517
97 81 469
97 82 347
97 83 431
97 84 345
97 85 335
97 86 433
97 87 526
97 88 328
97 89 401
97 90 466
97 91 492
97 92 285
97 93 304
97 94 334
97 95 291
97 96 322
97 97 0
97 98 46
97 99 55
97 100 94
98 1 114
98 2 191
98 3 253
98 4 288
98 5 310
98 6 327
98 7 346
98 8 357
98 9 361
98 10 364
98 11 380
98 12 447
98 13 482
98 14 365
98 15 379
98 16 422
98 17 433
98 18 445
98 19 500
98 20 213
98 21 266
98 22 356
98 23 126
98 24 205
98 25 228
98 26 134
98 27 196
98 28 242
98 29 267
98 30 359
98 31 341
98 32 382
98 33 296
98 34 393
98 35 185
98 36 199
98 37 217
98 38 286
98 39 358
98 40 225
98 41 281
98 42 185
98 43 263
98 44 270
98 45 252
98 46 303
98 47 327
98 48 270
98 49 317
98 50 404
98 51 163
98 52 52
98 53 112
98 54 208
98 55 218
98 56 152
98 57 208
98 58 264
98 59 220
98 60 255
98 61 341
98 62 426
98 63 303
98 64 332
98 65 335
98 66 176
98 67 219
98 68 278
98 69 286
98 70 296
98 71 354
98 72 300
98 73 258
98 74 352
98 75 436
98 76 505
98 77 371
98 78 407
98 79 424
98 80 471
98 81 423
98 82 301
98 83 385
98 84 299
98 85 289
98 86 387
98 87 480
98 88 282
98 89 355
98 90 420
98 91 446
98 92 239
98 93 258
98 94 288
98 95 245
98 96 276
98 97 313
98 98 0
98 99 9
98 100 48
99 1 105
99 2 182
99 3 244
99 4 279
99 5 301
99 6 318
99 7 337
99 8 348
99 9 352
99 10 355
99 11 371
99 12 438
99 13 473
99 14 356
99 15 370
99 16 413
99 17 424
99 18 436
99 19 491
99 20 204
99 21 257
99 22 347
99 23 117
99 24 196
99 25 219
99 26 125
99 27 187
99 28 233
99 29 258
99 30 350
99 31 332
99 32 373
99 33 287
99 34 384
99 35 176
99 36 190
99 37 208
99 38 277
99 39 349
99 40 216
99 41 272
99 42 176
99 43 254
99 44 261
99 45 243
99 46 294
99 47 318
99 48 261
99 49 308
99 50 395
99 51 154
99 52 43
99 53 103
99 54 199
99 55 209
99 56 143
99 57 199
99 58 255
99 59 211
99 60 246
99 61 332
99 62 417
99 63 294
99 64 323
99 65 326
99 66 167
99 67 210
99 68 269
99 69 277
99 70 287
99 71 345
99 72 291
99 73 249
99 74 343
99 75 427
99 76 496
99 77 362
99 78 398
99 79 415
99 80 462
99 81 414
99 82 292
99 83 376
99 84 290
99 85 280
99 86 378
99 87 471
99 88 273
99 89 346
99 90 411
99 91 437
99 92 230
99 93 249
99 94 279
99 95 236
99 96 267
99 97 304
99 98 350
99 99 0
99 100 39
100 1 66
100 2 143
100 3 205
100 4 295
100 5 316
100 6 333
100 7 352
100 8 363
100 9 367
100 10 370
100 11 386
100 12 453
100 13 488
100 14 323
100 15 337
100 16 380
100 17 391
100 18 397
100 19 452
100 20 305
100 21 218
100 22 308
100 23 277
100 24 157
100 25 180
100 26 229
100 27 291
100 28 194
100 29 219
100 30 311
100 31 305
100 32 346
100 33 248
100 34 345
100 35 137
100 36 151
100 37 169
100 38 238
100 39 310
100 40 177
100 41 233
100 42 280
100 43 353
100 44 222
100 45 204
100 46 255
100 47 279
100 48 222
100 49 269
100 50 356
100 51 115
100 52 203
100 53 263
100 54 359
100 55 369
100 56 293
100 57 318
100 58 315
100 59 172
100 60 207
100 61 293
100 62 378
100 63 255
100 64 284
100 65 293
100 66 128
100 67 171
100 68 230
100 69 238
100 70 248
100 71 306
100 72 252
100 73 210
100 74 304
100 75 388
100 76 457
100 77 377
100 78 413
100 79 430
100 80 477
100 81 381
100 82 253
100 83 337
100 84 251
100 85 241
100 86 339
100 87 432
100 88 377
100 89 450
100 90 467
100 91 493
100 92 191
100 93 210
100 94 240
100 95 316
100 96 234
100 97 271
100 98 317
100 99 326
100 100 0
