100 200 33
1 1 0
1 2 38
1 3 89
1 4 155
1 5 223
1 6 274
1 7 119
1 8 147
1 9 237
1 10 183
1 11 174
1 12 255
1 13 330
1 14 205
1 15 95
1 16 139
1 17 209
1 18 274
1 19 223
1 20 263
1 21 342
1 22 166
1 23 236
1 24 244
1 25 298
1 26 245
1 27 83
1 28 126
1 29 149
1 30 232
1 31 237
1 32 272
1 33 284
1 34 304
1 35 383
1 36 115
1 37 202
1 38 271
1 39 292
1 40 157
1 41 118
1 42 142
1 43 222
1 44 220
1 45 222
1 46 303
1 47 390
1 48 147
1 49 186
1 50 195
1 51 195
1 52 204
1 53 271
1 54 120
1 55 150
1 56 155
1 57 190
1 58 228
1 59 247
1 60 56
1 61 99
1 62 147
1 63 206
1 64 161
1 65 172
1 66 149
1 67 244
1 68 266
1 69 84
1 70 169
1 71 264
1 72 95
1 73 140
1 74 236
1 75 299
1 76 398
1 77 493
1 78 278
1 79 263
1 80 315
1 81 89
1 82 178
1 83 215
1 84 290
1 85 360
1 86 269
1 87 353
1 88 239
1 89 243
1 90 196
1 91 289
1 92 214
1 93 163
1 94 43
1 95 116
1 96 137
1 97 152
1 98 205
1 99 139
1 100 210
2 1 189
2 2 0
2 3 51
2 4 117
2 5 185
2 6 236
2 7 281
2 8 309
2 9 399
2 10 317
2 11 322
2 12 217
2 13 292
2 14 167
2 15 257
2 16 301
2 17 371
2 18 436
2 19 371
2 20 411
2 21 490
2 22 198
2 23 268
2 24 276
2 25 330
2 26 207
2 27 257
2 28 300
2 29 323
2 30 406
2 31 411
2 32 446
2 33 385
2 34 405
2 35 484
2 36 263
2 37 350
2 38 419
2 39 440
2 40 204
2 41 219
2 42 243
2 43 323
2 44 182
2 45 220
2 46 301
2 47 388
2 48 109
2 49 148
2 50 157
2 51 196
2 52 205
2 53 272
2 54 268
2 55 298
2 56 303
2 57 264
2 58 302
2 59 248
2 60 245
2 61 288
2 62 336
2 63 395
2 64 183
2 65 194
2 66 196
2 67 291
2 68 273
2 69 273
2 70 358
2 71 453
2 72 284
2 73 329
2 74 348
2 75 395
2 76 494
2 77 589
2 78 390
2 79 264
2 80 316
2 81 111
2 82 200
2 83 237
2 84 312
2 85 382
2 86 301
2 87 385
2 88 351
2 89 355
2 90 197
2 91 290
2 92 246
2 93 125
2 94 5
2 95 78
2 96 169
2 97 184
2 98 237
2 99 101
2 100 172
3 1 138
3 2 176
3 3 0
3 4 66
3 5 134
3 6 185
3 7 230
3 8 258
3 9 348
3 10 266
3 11 271
3 12 166
3 13 241
3 14 116
3 15 206
3 16 250
3 17 320
3 18 385
3 19 320
3 20 360
3 21 439
3 22 193
3 23 263
3 24 271
3 25 306
3 26 156
3 27 206
3 28 249
3 29 272
3 30 355
3 31 360
3 32 395
3 33 334
3 34 354
3 35 433
3 36 212
3 37 299
3 38 368
3 39 389
3 40 153
3 41 168
3 42 192
3 43 272
3 44 131
3 45 169
3 46 250
3 47 337
3 48 58
3 49 97
3 50 106
3 51 145
3 52 154
3 53 221
3 54 217
3 55 247
3 56 252
3 57 213
3 58 251
3 59 197
3 60 194
3 61 237
3 62 285
3 63 344
3 64 132
3 65 143
3 66 145
3 67 240
3 68 222
3 69 222
3 70 307
3 71 402
3 72 233
3 73 278
3 74 297
3 75 344
3 76 443
3 77 538
3 78 339
3 79 213
3 80 265
3 81 60
3 82 149
3 83 186
3 84 261
3 85 331
3 86 296
3 87 380
3 88 300
3 89 304
3 90 146
3 91 239
3 92 241
3 93 74
3 94 80
3 95 153
3 96 164
3 97 179
3 98 232
3 99 50
3 100 121
4 1 400
4 2 438
4 3 317
4 4 0
4 5 73
4 6 124
4 7 190
4 8 218
4 9 308
4 10 348
4 11 384
4 12 419
4 13 494
4 14 369
4 15 173
4 16 217
4 17 287
4 18 352
4 19 376
4 20 416
4 21 495
4 22 188
4 23 258
4 24 266
4 25 245
4 26 345
4 27 293
4 28 336
4 29 304
4 30 387
4 31 392
4 32 427
4 33 409
4 34 429
4 35 508
4 36 325
4 37 412
4 38 481
4 39 502
4 40 235
4 41 243
4 42 267
4 43 347
4 44 384
4 45 347
4 46 412
4 47 499
4 48 311
4 49 296
4 50 305
4 51 344
4 52 230
4 53 297
4 54 330
4 55 360
4 56 365
4 57 295
4 58 333
4 59 396
4 60 266
4 61 224
4 62 272
4 63 331
4 64 371
4 65 382
4 66 227
4 67 322
4 68 161
4 69 162
4 70 247
4 71 342
4 72 173
4 73 218
4 74 314
4 75 377
4 76 476
4 77 571
4 78 356
4 79 289
4 80 341
4 81 299
4 82 388
4 83 391
4 84 466
4 85 536
4 86 291
4 87 375
4 88 317
4 89 321
4 90 345
4 91 438
4 92 236
4 93 265
4 94 271
4 95 344
4 96 159
4 97 174
4 98 227
4 99 312
4 100 383
5 1 327
5 2 365
5 3 244
5 4 310
5 5 0
5 6 51
5 7 117
5 8 145
5 9 235
5 10 275
5 11 311
5 12 346
5 13 421
5 14 296
5 15 100
5 16 144
5 17 214
5 18 279
5 19 303
5 20 343
5 21 422
5 22 115
5 23 185
5 24 193
5 25 172
5 26 272
5 27 220
5 28 263
5 29 231
5 30 314
5 31 319
5 32 354
5 33 336
5 34 356
5 35 435
5 36 252
5 37 339
5 38 408
5 39 429
5 40 162
5 41 170
5 42 194
5 43 274
5 44 311
5 45 274
5 46 339
5 47 426
5 48 238
5 49 223
5 50 232
5 51 271
5 52 157
5 53 224
5 54 257
5 55 287
5 56 292
5 57 222
5 58 260
5 59 323
5 60 193
5 61 151
5 62 199
5 63 258
5 64 298
5 65 309
5 66 154
5 67 249
5 68 88
5 69 89
5 70 174
5 71 269
5 72 100
5 73 145
5 74 241
5 75 304
5 76 403
5 77 498
5 78 283
5 79 216
5 80 268
5 81 226
5 82 315
5 83 318
5 84 393
5 85 463
5 86 218
5 87 302
5 88 244
5 89 248
5 90 272
5 91 365
5 92 163
5 93 192
5 94 198
5 95 271
5 96 86
5 97 101
5 98 154
5 99 239
5 100 310
6 1 332
6 2 370
6 3 200
6 4 266
6 5 263
6 6 0
6 7 66
6 8 94
6 9 184
6 10 224
6 11 260
6 12 295
6 13 370
6 14 245
6 15 49
6 16 93
6 17 163
6 18 228
6 19 252
6 20 292
6 21 371
6 22 120
6 23 190
6 24 198
6 25 121
6 26 221
6 27 169
6 28 212
6 29 180
6 30 263
6 31 268
6 32 303
6 33 285
6 34 305
6 35 384
6 36 201
6 37 288
6 38 357
6 39 378
6 40 111
6 41 119
6 42 143
6 43 223
6 44 260
6 45 223
6 46 304
6 47 391
6 48 187
6 49 226
6 50 235
6 51 236
6 52 162
6 53 229
6 54 206
6 55 236
6 56 241
6 57 171
6 58 209
6 59 272
6 60 142
6 61 100
6 62 148
6 63 207
6 64 247
6 65 258
6 66 103
6 67 198
6 68 37
6 69 38
6 70 123
6 71 218
6 72 49
6 73 94
6 74 190
6 75 253
6 76 352
6 77 447
6 78 232
6 79 221
6 80 273
6 81 175
6 82 264
6 83 301
6 84 376
6 85 446
6 86 223
6 87 307
6 88 193
6 89 197
6 90 237
6 91 330
6 92 168
6 93 197
6 94 154
6 95 227
6 96 91
6 97 106
6 98 159
6 99 244
6 100 315
7 1 472
7 2 510
7 3 383
7 4 449
7 5 441
7 6 492
7 7 0
7 8 28
7 9 118
7 10 200
7 11 248
7 12 345
7 13 420
7 14 450
7 15 348
7 16 352
7 17 422
7 18 487
7 19 297
7 20 337
7 21 416
7 22 260
7 23 330
7 24 338
7 25 392
7 26 419
7 27 283
7 28 326
7 29 114
7 30 197
7 31 202
7 32 237
7 33 253
7 34 273
7 35 352
7 36 315
7 37 402
7 38 471
7 39 492
7 40 306
7 41 318
7 42 342
7 43 422
7 44 438
7 45 299
7 46 380
7 47 467
7 48 392
7 49 287
7 50 296
7 51 212
7 52 221
7 53 288
7 54 320
7 55 350
7 56 355
7 57 366
7 58 404
7 59 264
7 60 256
7 61 299
7 62 347
7 63 406
7 64 361
7 65 372
7 66 298
7 67 393
7 68 384
7 69 371
7 70 456
7 71 551
7 72 382
7 73 427
7 74 364
7 75 371
7 76 470
7 77 565
7 78 406
7 79 280
7 80 332
7 81 289
7 82 378
7 83 382
7 84 457
7 85 527
7 86 363
7 87 366
7 88 367
7 89 371
7 90 213
7 91 306
7 92 308
7 93 337
7 94 343
7 95 416
7 96 231
7 97 246
7 98 299
7 99 384
7 100 455
8 1 444
8 2 482
8 3 355
8 4 421
8 5 413
8 6 464
8 7 344
8 8 0
8 9 90
8 10 172
8 11 220
8 12 317
8 13 392
8 14 422
8 15 320
8 16 324
8 17 394
8 18 459
8 19 269
8 20 309
8 21 388
8 22 232
8 23 302
8 24 310
8 25 364
8 26 391
8 27 255
8 28 298
8 29 86
8 30 169
8 31 174
8 32 209
8 33 225
8 34 245
8 35 324
8 36 287
8 37 374
8 38 443
8 39 464
8 40 278
8 41 290
8 42 314
8 43 394
8 44 410
8 45 271
8 46 352
8 47 439
8 48 364
8 49 259
8 50 268
8 51 184
8 52 193
8 53 260
8 54 292
8 55 322
8 56 327
8 57 338
8 58 376
8 59 236
8 60 228
8 61 271
8 62 319
8 63 378
8 64 333
8 65 344
8 66 270
8 67 365
8 68 356
8 69 343
8 70 428
8 71 523
8 72 354
8 73 399
8 74 336
8 75 343
8 76 442
8 77 537
8 78 378
8 79 252
8 80 304
8 81 261
8 82 350
8 83 354
8 84 429
8 85 499
8 86 335
8 87 338
8 88 339
8 89 343
8 90 185
8 91 278
8 92 280
8 93 309
8 94 315
8 95 388
8 96 203
8 97 218
8 98 271
8 99 356
8 100 427
9 1 354
9 2 392
9 3 271
9 4 337
9 5 350
9 6 401
9 7 254
9 8 219
9 9 0
9 10 82
9 11 130
9 12 227
9 13 302
9 14 332
9 15 230
9 16 234
9 17 304
9 18 369
9 19 179
9 20 219
9 21 298
9 22 142
9 23 212
9 24 220
9 25 274
9 26 301
9 27 202
9 28 245
9 29 268
9 30 351
9 31 356
9 32 391
9 33 369
9 34 389
9 35 468
9 36 234
9 37 321
9 38 390
9 39 411
9 40 188
9 41 203
9 42 227
9 43 307
9 44 347
9 45 307
9 46 366
9 47 453
9 48 274
9 49 169
9 50 178
9 51 94
9 52 103
9 53 170
9 54 235
9 55 265
9 56 270
9 57 248
9 58 286
9 59 146
9 60 175
9 61 218
9 62 266
9 63 325
9 64 280
9 65 291
9 66 180
9 67 275
9 68 297
9 69 253
9 70 338
9 71 433
9 72 264
9 73 309
9 74 246
9 75 309
9 76 408
9 77 503
9 78 288
9 79 162
9 80 214
9 81 208
9 82 297
9 83 334
9 84 409
9 85 479
9 86 245
9 87 329
9 88 249
9 89 253
9 90 95
9 91 188
9 92 190
9 93 219
9 94 225
9 95 298
9 96 113
9 97 128
9 98 181
9 99 266
9 100 337
10 1 272
10 2 310
10 3 189
10 4 255
10 5 268
10 6 319
10 7 172
10 8 137
10 9 227
10 10 0
10 11 48
10 12 145
10 13 220
10 14 250
10 15 148
10 16 152
10 17 222
10 18 287
10 19 97
10 20 137
10 21 216
10 22 60
10 23 130
10 24 138
10 25 192
10 26 219
10 27 120
10 28 163
10 29 186
10 30 269
10 31 274
10 32 309
10 33 287
10 34 307
10 35 386
10 36 152
10 37 239
10 38 308
10 39 329
10 40 106
10 41 121
10 42 145
10 43 225
10 44 265
10 45 225
10 46 284
10 47 371
10 48 192
10 49 87
10 50 96
10 51 12
10 52 21
10 53 88
10 54 153
10 55 183
10 56 188
10 57 166
10 58 204
10 59 64
10 60 93
10 61 136
10 62 184
10 63 243
10 64 198
10 65 209
10 66 98
10 67 193
10 68 215
10 69 171
10 70 256
10 71 351
10 72 182
10 73 227
10 74 164
10 75 227
10 76 326
10 77 421
10 78 206
10 79 80
10 80 132
10 81 126
10 82 215
10 83 252
10 84 327
10 85 397
10 86 163
10 87 247
10 88 167
10 89 171
10 90 13
10 91 106
10 92 108
10 93 137
10 94 143
10 95 216
10 96 31
10 97 46
10 98 99
10 99 184
10 100 255
11 1 472
11 2 510
11 3 334
11 4 400
11 5 234
11 6 285
11 7 330
11 8 358
11 9 448
11 10 509
11 11 0
11 12 97
11 13 172
11 14 216
11 15 306
11 16 350
11 17 420
11 18 485
11 19 49
11 20 89
11 21 168
11 22 205
11 23 275
11 24 283
11 25 337
11 26 364
11 27 414
11 28 457
11 29 444
11 30 527
11 31 532
11 32 567
11 33 570
11 34 590
11 35 669
11 36 446
11 37 533
11 38 602
11 39 623
11 40 396
11 41 404
11 42 428
11 43 508
11 44 231
11 45 269
11 46 350
11 47 437
11 48 392
11 49 431
11 50 440
11 51 479
11 52 391
11 53 458
11 54 451
11 55 481
11 56 486
11 57 456
11 58 494
11 59 531
11 60 399
11 61 385
11 62 433
11 63 492
11 64 466
11 65 477
11 66 388
11 67 483
11 68 322
11 69 323
11 70 408
11 71 503
11 72 334
11 73 379
11 74 475
11 75 444
11 76 543
11 77 638
11 78 517
11 79 450
11 80 502
11 81 394
11 82 483
11 83 408
11 84 483
11 85 553
11 86 308
11 87 392
11 88 473
11 89 477
11 90 480
11 91 489
11 92 253
11 93 282
11 94 288
11 95 361
11 96 320
11 97 335
11 98 388
11 99 384
11 100 455
12 1 464
12 2 502
12 3 381
12 4 447
12 5 137
12 6 188
12 7 233
12 8 261
12 9 351
12 10 412
12 11 420
12 12 0
12 13 75
12 14 119
12 15 209
12 16 253
12 17 323
12 18 388
12 19 412
12 20 452
12 21 531
12 22 252
12 23 322
12 24 330
12 25 309
12 26 409
12 27 329
12 28 372
12 29 347
12 30 430
12 31 435
12 32 470
12 33 473
12 34 493
12 35 572
12 36 361
12 37 448
12 38 517
12 39 538
12 40 299
12 41 307
12 42 331
12 43 411
12 44 134
12 45 172
12 46 253
12 47 340
12 48 347
12 49 360
12 50 369
12 51 408
12 52 294
12 53 361
12 54 366
12 55 396
12 56 401
12 57 359
12 58 397
12 59 460
12 60 302
12 61 288
12 62 336
12 63 395
12 64 407
12 65 418
12 66 291
12 67 386
12 68 225
12 69 226
12 70 311
12 71 406
12 72 237
12 73 282
12 74 378
12 75 347
12 76 446
12 77 541
12 78 420
12 79 353
12 80 405
12 81 335
12 82 424
12 83 455
12 84 530
12 85 600
12 86 355
12 87 439
12 88 381
12 89 385
12 90 409
12 91 502
12 92 300
12 93 329
12 94 335
12 95 408
12 96 223
12 97 238
12 98 291
12 99 376
12 100 447
13 1 389
13 2 427
13 3 306
13 4 372
13 5 62
13 6 113
13 7 158
13 8 186
13 9 276
13 10 337
13 11 345
13 12 94
13 13 0
13 14 44
13 15 134
13 16 178
13 17 248
13 18 313
13 19 337
13 20 377
13 21 456
13 22 177
13 23 247
13 24 255
13 25 234
13 26 334
13 27 254
13 28 297
13 29 272
13 30 355
13 31 360
13 32 395
13 33 398
13 34 418
13 35 497
13 36 286
13 37 373
13 38 442
13 39 463
13 40 224
13 41 232
13 42 256
13 43 336
13 44 59
13 45 97
13 46 178
13 47 265
13 48 272
13 49 285
13 50 294
13 51 333
13 52 219
13 53 286
13 54 291
13 55 321
13 56 326
13 57 284
13 58 322
13 59 385
13 60 227
13 61 213
13 62 261
13 63 320
13 64 332
13 65 343
13 66 216
13 67 311
13 68 150
13 69 151
13 70 236
13 71 331
13 72 162
13 73 207
13 74 303
13 75 272
13 76 371
13 77 466
13 78 345
13 79 278
13 80 330
13 81 260
13 82 349
13 83 380
13 84 455
13 85 525
13 86 280
13 87 364
13 88 306
13 89 310
13 90 334
13 91 427
13 92 225
13 93 254
13 94 260
13 95 333
13 96 148
13 97 163
13 98 216
13 99 301
13 100 372
14 1 345
14 2 383
14 3 262
14 4 328
14 5 18
14 6 69
14 7 114
14 8 142
14 9 232
14 10 293
14 11 301
14 12 50
14 13 125
14 14 0
14 15 90
14 16 134
14 17 204
14 18 269
14 19 293
14 20 333
14 21 412
14 22 133
14 23 203
14 24 211
14 25 190
14 26 290
14 27 210
14 28 253
14 29 228
14 30 311
14 31 316
14 32 351
14 33 354
14 34 374
14 35 453
14 36 242
14 37 329
14 38 398
14 39 419
14 40 180
14 41 188
14 42 212
14 43 292
14 44 15
14 45 53
14 46 134
14 47 221
14 48 228
14 49 241
14 50 250
14 51 289
14 52 175
14 53 242
14 54 247
14 55 277
14 56 282
14 57 240
14 58 278
14 59 341
14 60 183
14 61 169
14 62 217
14 63 276
14 64 288
14 65 299
14 66 172
14 67 267
14 68 106
14 69 107
14 70 192
14 71 287
14 72 118
14 73 163
14 74 259
14 75 228
14 76 327
14 77 422
14 78 301
14 79 234
14 80 286
14 81 216
14 82 305
14 83 336
14 84 411
14 85 481
14 86 236
14 87 320
14 88 262
14 89 266
14 90 290
14 91 383
14 92 181
14 93 210
14 94 216
14 95 289
14 96 104
14 97 119
14 98 172
14 99 257
14 100 328
15 1 283
15 2 321
15 3 200
15 4 266
15 5 214
15 6 265
15 7 24
15 8 52
15 9 142
15 10 220
15 11 211
15 12 246
15 13 321
15 14 196
15 15 0
15 16 44
15 17 114
15 18 179
15 19 203
15 20 243
15 21 322
15 22 71
15 23 141
15 24 149
15 25 203
15 26 230
15 27 120
15 28 163
15 29 138
15 30 221
15 31 226
15 32 261
15 33 277
15 34 297
15 35 376
15 36 152
15 37 239
15 38 308
15 39 329
15 40 136
15 41 124
15 42 148
15 43 228
15 44 211
15 45 228
15 46 295
15 47 382
15 48 138
15 49 177
15 50 186
15 51 225
15 52 113
15 53 180
15 54 157
15 55 187
15 56 192
15 57 196
15 58 234
15 59 277
15 60 93
15 61 125
15 62 173
15 63 232
15 64 198
15 65 209
15 66 128
15 67 223
15 68 245
15 69 63
15 70 148
15 71 243
15 72 74
15 73 119
15 74 215
15 75 278
15 76 377
15 77 472
15 78 257
15 79 172
15 80 224
15 81 126
15 82 215
15 83 252
15 84 327
15 85 397
15 86 174
15 87 258
15 88 218
15 89 222
15 90 226
15 91 319
15 92 119
15 93 148
15 94 154
15 95 227
15 96 42
15 97 57
15 98 110
15 99 195
15 100 266
16 1 264
16 2 302
16 3 181
16 4 247
16 5 170
16 6 221
16 7 54
16 8 82
16 9 172
16 10 205
16 11 241
16 12 202
16 13 277
16 14 152
16 15 30
16 16 0
16 17 70
16 18 135
16 19 159
16 20 199
16 21 278
16 22 52
16 23 122
16 24 130
16 25 184
16 26 211
16 27 150
16 28 193
16 29 168
16 30 251
16 31 256
16 32 291
16 33 246
16 34 266
16 35 345
16 36 182
16 37 269
16 38 338
16 39 359
16 40 92
16 41 80
16 42 104
16 43 184
16 44 167
16 45 184
16 46 265
16 47 352
16 48 94
16 49 133
16 50 142
16 51 181
16 52 94
16 53 161
16 54 187
16 55 217
16 56 222
16 57 152
16 58 190
16 59 233
16 60 123
16 61 81
16 62 129
16 63 188
16 64 168
16 65 179
16 66 84
16 67 179
16 68 201
16 69 19
16 70 104
16 71 199
16 72 30
16 73 75
16 74 171
16 75 234
16 76 333
16 77 428
16 78 213
16 79 153
16 80 205
16 81 96
16 82 185
16 83 222
16 84 297
16 85 367
16 86 155
16 87 239
16 88 174
16 89 178
16 90 182
16 91 275
16 92 100
16 93 129
16 94 135
16 95 208
16 96 72
16 97 38
16 98 91
16 99 176
16 100 247
17 1 424
17 2 462
17 3 341
17 4 407
17 5 192
17 6 243
17 7 309
17 8 291
17 9 381
17 10 154
17 11 202
17 12 299
17 13 374
17 14 374
17 15 292
17 16 306
17 17 0
17 18 65
17 19 89
17 20 129
17 21 208
17 22 212
17 23 282
17 24 290
17 25 344
17 26 371
17 27 274
17 28 317
17 29 340
17 30 423
17 31 428
17 32 463
17 33 176
17 34 196
17 35 275
17 36 306
17 37 393
17 38 462
17 39 483
17 40 260
17 41 10
17 42 34
17 43 114
17 44 189
17 45 114
17 46 195
17 47 282
17 48 316
17 49 241
17 50 250
17 51 166
17 52 175
17 53 242
17 54 307
17 55 337
17 56 342
17 57 320
17 58 358
17 59 218
17 60 247
17 61 290
17 62 338
17 63 397
17 64 352
17 65 363
17 66 252
17 67 347
17 68 280
17 69 281
17 70 366
17 71 461
17 72 292
17 73 337
17 74 318
17 75 289
17 76 388
17 77 483
17 78 360
17 79 234
17 80 286
17 81 280
17 82 369
17 83 305
17 84 380
17 85 450
17 86 315
17 87 289
17 88 321
17 89 325
17 90 167
17 91 260
17 92 260
17 93 289
17 94 295
17 95 368
17 96 185
17 97 198
17 98 251
17 99 336
17 100 407
18 1 447
18 2 485
18 3 309
18 4 375
18 5 443
18 6 494
18 7 327
18 8 355
18 9 445
18 10 489
18 11 480
18 12 475
18 13 550
18 14 425
18 15 303
18 16 347
18 17 417
18 18 0
18 19 24
18 20 64
18 21 143
18 22 180
18 23 250
18 24 258
18 25 312
18 26 339
18 27 389
18 28 432
18 29 441
18 30 524
18 31 529
18 32 564
18 33 580
18 34 600
18 35 679
18 36 421
18 37 508
18 38 577
18 39 598
18 40 439
18 41 427
18 42 451
18 43 531
18 44 440
18 45 478
18 46 404
18 47 491
18 48 367
18 49 406
18 50 415
18 51 454
18 52 416
18 53 483
18 54 426
18 55 456
18 56 461
18 57 496
18 58 534
18 59 506
18 60 396
18 61 428
18 62 476
18 63 535
18 64 441
18 65 452
18 66 431
18 67 526
18 68 531
18 69 366
18 70 451
18 71 546
18 72 377
18 73 422
18 74 518
18 75 498
18 76 597
18 77 692
18 78 560
18 79 475
18 80 527
18 81 369
18 82 458
18 83 383
18 84 458
18 85 528
18 86 283
18 87 367
18 88 448
18 89 452
18 90 455
18 91 464
18 92 228
18 93 257
18 94 263
18 95 336
18 96 345
18 97 360
18 98 413
18 99 359
18 100 430
19 1 423
19 2 461
19 3 285
19 4 351
19 5 419
19 6 470
19 7 303
19 8 331
19 9 421
19 10 465
19 11 456
19 12 451
19 13 526
19 14 401
19 15 279
19 16 323
19 17 393
19 18 458
19 19 0
19 20 40
19 21 119
19 22 156
19 23 226
19 24 234
19 25 288
19 26 315
19 27 365
19 28 408
19 29 417
19 30 500
19 31 505
19 32 540
19 33 556
19 34 576
19 35 655
19 36 397
19 37 484
19 38 553
19 39 574
19 40 415
19 41 403
19 42 427
19 43 507
19 44 416
19 45 454
19 46 380
19 47 467
19 48 343
19 49 382
19 50 391
19 51 430
19 52 392
19 53 459
19 54 402
19 55 432
19 56 437
19 57 472
19 58 510
19 59 482
19 60 372
19 61 404
19 62 452
19 63 511
19 64 417
19 65 428
19 66 407
19 67 502
19 68 507
19 69 342
19 70 427
19 71 522
19 72 353
19 73 398
19 74 494
19 75 474
19 76 573
19 77 668
19 78 536
19 79 451
19 80 503
19 81 345
19 82 434
19 83 359
19 84 434
19 85 504
19 86 259
19 87 343
19 88 424
19 89 428
19 90 431
19 91 440
19 92 204
19 93 233
19 94 239
19 95 312
19 96 321
19 97 336
19 98 389
19 99 335
19 100 406
20 1 383
20 2 421
20 3 245
20 4 311
20 5 379
20 6 430
20 7 263
20 8 291
20 9 381
20 10 425
20 11 416
20 12 411
20 13 486
20 14 361
20 15 239
20 16 283
20 17 353
20 18 418
20 19 317
20 20 0
20 21 79
20 22 116
20 23 186
20 24 194
20 25 248
20 26 275
20 27 325
20 28 368
20 29 377
20 30 460
20 31 465
20 32 500
20 33 516
20 34 536
20 35 615
20 36 357
20 37 444
20 38 513
20 39 534
20 40 375
20 41 363
20 42 387
20 43 467
20 44 376
20 45 414
20 46 340
20 47 427
20 48 303
20 49 342
20 50 351
20 51 390
20 52 352
20 53 419
20 54 362
20 55 392
20 56 397
20 57 432
20 58 470
20 59 442
20 60 332
20 61 364
20 62 412
20 63 471
20 64 377
20 65 388
20 66 367
20 67 462
20 68 467
20 69 302
20 70 387
20 71 482
20 72 313
20 73 358
20 74 454
20 75 434
20 76 533
20 77 628
20 78 496
20 79 411
20 80 463
20 81 305
20 82 394
20 83 319
20 84 394
20 85 464
20 86 219
20 87 303
20 88 384
20 89 388
20 90 391
20 91 400
20 92 164
20 93 193
20 94 199
20 95 272
20 96 281
20 97 296
20 98 349
20 99 295
20 100 366
21 1 304
21 2 342
21 3 166
21 4 232
21 5 300
21 6 351
21 7 184
21 8 212
21 9 302
21 10 346
21 11 337
21 12 332
21 13 407
21 14 282
21 15 160
21 16 204
21 17 274
21 18 339
21 19 238
21 20 278
21 21 0
21 22 37
21 23 107
21 24 115
21 25 169
21 26 196
21 27 246
21 28 289
21 29 298
21 30 381
21 31 386
21 32 421
21 33 437
21 34 457
21 35 536
21 36 278
21 37 365
21 38 434
21 39 455
21 40 296
21 41 284
21 42 308
21 43 388
21 44 297
21 45 335
21 46 261
21 47 348
21 48 224
21 49 263
21 50 272
21 51 311
21 52 273
21 53 340
21 54 283
21 55 313
21 56 318
21 57 353
21 58 391
21 59 363
21 60 253
21 61 285
21 62 333
21 63 392
21 64 298
21 65 309
21 66 288
21 67 383
21 68 388
21 69 223
21 70 308
21 71 403
21 72 234
21 73 279
21 74 375
21 75 355
21 76 454
21 77 549
21 78 417
21 79 332
21 80 384
21 81 226
21 82 315
21 83 240
21 84 315
21 85 385
21 86 140
21 87 224
21 88 305
21 89 309
21 90 312
21 91 321
21 92 85
21 93 114
21 94 120
21 95 193
21 96 202
21 97 217
21 98 270
21 99 216
21 100 287
22 1 267
22 2 305
22 3 129
22 4 195
22 5 263
22 6 314
22 7 147
22 8 175
22 9 265
22 10 309
22 11 300
22 12 295
22 13 370
22 14 245
22 15 123
22 16 167
22 17 237
22 18 302
22 19 201
22 20 241
22 21 320
22 22 0
22 23 70
22 24 78
22 25 132
22 26 159
22 27 209
22 28 252
22 29 261
22 30 344
22 31 349
22 32 384
22 33 400
22 34 420
22 35 499
22 36 241
22 37 328
22 38 397
22 39 418
22 40 259
22 41 247
22 42 271
22 43 351
22 44 260
22 45 298
22 46 224
22 47 311
22 48 187
22 49 226
22 50 235
22 51 274
22 52 236
22 53 303
22 54 246
22 55 276
22 56 281
22 57 316
22 58 354
22 59 326
22 60 216
22 61 248
22 62 296
22 63 355
22 64 261
22 65 272
22 66 251
22 67 346
22 68 351
22 69 186
22 70 271
22 71 366
22 72 197
22 73 242
22 74 338
22 75 318
22 76 417
22 77 512
22 78 380
22 79 295
22 80 347
22 81 189
22 82 278
22 83 203
22 84 278
22 85 348
22 86 103
22 87 187
22 88 268
22 89 272
22 90 275
22 91 284
22 92 48
22 93 77
22 94 83
22 95 156
22 96 165
22 97 180
22 98 233
22 99 179
22 100 250
23 1 336
23 2 374
23 3 253
23 4 319
23 5 267
23 6 318
23 7 77
23 8 105
23 9 195
23 10 273
23 11 264
23 12 299
23 13 374
23 14 249
23 15 53
23 16 97
23 17 167
23 18 232
23 19 131
23 20 171
23 21 250
23 22 124
23 23 0
23 24 8
23 25 62
23 26 162
23 27 173
23 28 216
23 29 191
23 30 274
23 31 279
23 32 314
23 33 330
23 34 350
23 35 429
23 36 205
23 37 292
23 38 361
23 39 382
23 40 189
23 41 177
23 42 201
23 43 281
23 44 264
23 45 281
23 46 154
23 47 241
23 48 191
23 49 230
23 50 239
23 51 278
23 52 166
23 53 233
23 54 210
23 55 240
23 56 245
23 57 249
23 58 287
23 59 330
23 60 146
23 61 178
23 62 226
23 63 285
23 64 251
23 65 262
23 66 181
23 67 276
23 68 298
23 69 116
23 70 201
23 71 296
23 72 127
23 73 172
23 74 268
23 75 248
23 76 347
23 77 442
23 78 310
23 79 225
23 80 277
23 81 179
23 82 268
23 83 133
23 84 208
23 85 278
23 86 33
23 87 117
23 88 198
23 89 202
23 90 279
23 91 214
23 92 172
23 93 201
23 94 207
23 95 280
23 96 95
23 97 110
23 98 163
23 99 248
23 100 319
24 1 396
24 2 434
24 3 304
24 4 370
24 5 392
24 6 443
24 7 317
24 8 345
24 9 435
24 10 304
24 11 295
24 12 392
24 13 467
24 14 374
24 15 381
24 16 425
24 17 495
24 18 560
24 19 344
24 20 384
24 21 463
24 22 364
24 23 434
24 24 0
24 25 54
24 26 154
24 27 204
24 28 247
24 29 270
24 30 353
24 31 358
24 32 393
24 33 409
24 34 429
24 35 508
24 36 236
24 37 323
24 38 392
24 39 413
24 40 303
24 41 318
24 42 342
24 43 422
24 44 389
24 45 422
24 46 503
24 47 590
24 48 316
24 49 355
24 50 364
24 51 316
24 52 325
24 53 392
24 54 241
24 55 271
24 56 276
24 57 311
24 58 349
24 59 368
24 60 397
24 61 432
24 62 480
24 63 432
24 64 282
24 65 293
24 66 295
24 67 390
24 68 412
24 69 370
24 70 455
24 71 550
24 72 381
24 73 426
24 74 468
24 75 527
24 76 626
24 77 721
24 78 510
24 79 384
24 80 436
24 81 210
24 82 299
24 83 336
24 84 411
24 85 481
24 86 467
24 87 522
24 88 471
24 89 475
24 90 317
24 91 410
24 92 412
24 93 332
24 94 338
24 95 411
24 96 335
24 97 350
24 98 403
24 99 308
24 100 379
25 1 342
25 2 380
25 3 250
25 4 316
25 5 338
25 6 389
25 7 263
25 8 291
25 9 381
25 10 250
25 11 241
25 12 338
25 13 413
25 14 320
25 15 327
25 16 371
25 17 441
25 18 506
25 19 290
25 20 330
25 21 409
25 22 310
25 23 380
25 24 388
25 25 0
25 26 100
25 27 150
25 28 193
25 29 216
25 30 299
25 31 304
25 32 339
25 33 355
25 34 375
25 35 454
25 36 182
25 37 269
25 38 338
25 39 359
25 40 249
25 41 264
25 42 288
25 43 368
25 44 335
25 45 368
25 46 449
25 47 536
25 48 262
25 49 301
25 50 310
25 51 262
25 52 271
25 53 338
25 54 187
25 55 217
25 56 222
25 57 257
25 58 295
25 59 314
25 60 343
25 61 378
25 62 426
25 63 378
25 64 228
25 65 239
25 66 241
25 67 336
25 68 358
25 69 316
25 70 401
25 71 496
25 72 327
25 73 372
25 74 414
25 75 473
25 76 572
25 77 667
25 78 456
25 79 330
25 80 382
25 81 156
25 82 245
25 83 282
25 84 357
25 85 427
25 86 413
25 87 468
25 88 417
25 89 421
25 90 263
25 91 356
25 92 358
25 93 278
25 94 284
25 95 357
25 96 281
25 97 296
25 98 349
25 99 254
25 100 325
26 1 242
26 2 280
26 3 150
26 4 216
26 5 238
26 6 289
26 7 163
26 8 191
26 9 281
26 10 150
26 11 141
26 12 238
26 13 313
26 14 220
26 15 227
26 16 271
26 17 341
26 18 406
26 19 190
26 20 230
26 21 309
26 22 210
26 23 280
26 24 288
26 25 342
26 26 0
26 27 50
26 28 93
26 29 116
26 30 199
26 31 204
26 32 239
26 33 255
26 34 275
26 35 354
26 36 82
26 37 169
26 38 238
26 39 259
26 40 149
26 41 164
26 42 188
26 43 268
26 44 235
26 45 268
26 46 349
26 47 436
26 48 162
26 49 201
26 50 210
26 51 162
26 52 171
26 53 238
26 54 87
26 55 117
26 56 122
26 57 157
26 58 195
26 59 214
26 60 243
26 61 278
26 62 326
26 63 278
26 64 128
26 65 139
26 66 141
26 67 236
26 68 258
26 69 216
26 70 301
26 71 396
26 72 227
26 73 272
26 74 314
26 75 373
26 76 472
26 77 567
26 78 356
26 79 230
26 80 282
26 81 56
26 82 145
26 83 182
26 84 257
26 85 327
26 86 313
26 87 368
26 88 317
26 89 321
26 90 163
26 91 256
26 92 258
26 93 178
26 94 184
26 95 257
26 96 181
26 97 196
26 98 249
26 99 154
26 100 225
27 1 192
27 2 230
27 3 100
27 4 166
27 5 188
27 6 239
27 7 113
27 8 141
27 9 231
27 10 100
27 11 91
27 12 188
27 13 263
27 14 170
27 15 177
27 16 221
27 17 291
27 18 356
27 19 140
27 20 180
27 21 259
27 22 160
27 23 230
27 24 238
27 25 292
27 26 210
27 27 0
27 28 43
27 29 66
27 30 149
27 31 154
27 32 189
27 33 205
27 34 225
27 35 304
27 36 32
27 37 119
27 38 188
27 39 209
27 40 99
27 41 114
27 42 138
27 43 218
27 44 185
27 45 218
27 46 299
27 47 386
27 48 112
27 49 151
27 50 160
27 51 112
27 52 121
27 53 188
27 54 37
27 55 67
27 56 72
27 57 107
27 58 145
27 59 164
27 60 193
27 61 228
27 62 276
27 63 228
27 64 78
27 65 89
27 66 91
27 67 186
27 68 208
27 69 166
27 70 251
27 71 346
27 72 177
27 73 222
27 74 264
27 75 323
27 76 422
27 77 517
27 78 306
27 79 180
27 80 232
27 81 6
27 82 95
27 83 132
27 84 207
27 85 277
27 86 263
27 87 318
27 88 267
27 89 271
27 90 113
27 91 206
27 92 208
27 93 128
27 94 134
27 95 207
27 96 131
27 97 146
27 98 199
27 99 104
27 100 175
28 1 384
28 2 422
28 3 292
28 4 358
28 5 350
28 6 401
28 7 305
28 8 333
28 9 423
28 10 292
28 11 283
28 12 380
28 13 455
28 14 362
28 15 305
28 16 349
28 17 419
28 18 484
28 19 289
28 20 329
28 21 408
28 22 278
28 23 348
28 24 356
28 25 377
28 26 402
28 27 192
28 28 0
28 29 23
28 30 106
28 31 111
28 32 146
28 33 162
28 34 182
28 35 261
28 36 224
28 37 311
28 38 380
28 39 401
28 40 291
28 41 227
28 42 251
28 43 331
28 44 347
28 45 208
28 46 289
28 47 376
28 48 304
28 49 305
28 50 314
28 51 230
28 52 239
28 53 306
28 54 229
28 55 259
28 56 264
28 57 299
28 58 337
28 59 282
28 60 165
28 61 208
28 62 256
28 63 315
28 64 270
28 65 281
28 66 283
28 67 378
28 68 293
28 69 294
28 70 379
28 71 474
28 72 305
28 73 350
28 74 382
28 75 280
28 76 379
28 77 474
28 78 424
28 79 298
28 80 350
28 81 198
28 82 287
28 83 291
28 84 366
28 85 436
28 86 381
28 87 275
28 88 356
28 89 360
28 90 231
28 91 324
28 92 326
28 93 320
28 94 262
28 95 335
28 96 249
28 97 264
28 98 317
28 99 296
28 100 367
29 1 361
29 2 399
29 3 269
29 4 335
29 5 327
29 6 378
29 7 282
29 8 310
29 9 400
29 10 269
29 11 260
29 12 357
29 13 432
29 14 339
29 15 282
29 16 326
29 17 396
29 18 461
29 19 266
29 20 306
29 21 385
29 22 255
29 23 325
29 24 333
29 25 354
29 26 379
29 27 169
29 28 212
29 29 0
29 30 83
29 31 88
29 32 123
29 33 139
29 34 159
29 35 238
29 36 201
29 37 288
29 38 357
29 39 378
29 40 268
29 41 204
29 42 228
29 43 308
29 44 324
29 45 185
29 46 266
29 47 353
29 48 281
29 49 282
29 50 291
29 51 207
29 52 216
29 53 283
29 54 206
29 55 236
29 56 241
29 57 276
29 58 314
29 59 259
29 60 142
29 61 185
29 62 233
29 63 292
29 64 247
29 65 258
29 66 260
29 67 355
29 68 270
29 69 271
29 70 356
29 71 451
29 72 282
29 73 327
29 74 359
29 75 257
29 76 356
29 77 451
29 78 401
29 79 275
29 80 327
29 81 175
29 82 264
29 83 268
29 84 343
29 85 413
29 86 358
29 87 252
29 88 333
29 89 337
29 90 208
29 91 301
29 92 303
29 93 297
29 94 239
29 95 312
29 96 226
29 97 241
29 98 294
29 99 273
29 100 344
30 1 278
30 2 316
30 3 186
30 4 252
30 5 244
30 6 295
30 7 199
30 8 227
30 9 317
30 10 186
30 11 177
30 12 274
30 13 349
30 14 256
30 15 199
30 16 243
30 17 313
30 18 378
30 19 183
30 20 223
30 21 302
30 22 172
30 23 242
30 24 250
30 25 271
30 26 296
30 27 86
30 28 129
30 29 152
30 30 0
30 31 5
30 32 40
30 33 56
30 34 76
30 35 155
30 36 118
30 37 205
30 38 274
30 39 295
30 40 185
30 41 121
30 42 145
30 43 225
30 44 241
30 45 102
30 46 183
30 47 270
30 48 198
30 49 199
30 50 208
30 51 124
30 52 133
30 53 200
30 54 123
30 55 153
30 56 158
30 57 193
30 58 231
30 59 176
30 60 59
30 61 102
30 62 150
30 63 209
30 64 164
30 65 175
30 66 177
30 67 272
30 68 187
30 69 188
30 70 273
30 71 368
30 72 199
30 73 244
30 74 276
30 75 174
30 76 273
30 77 368
30 78 318
30 79 192
30 80 244
30 81 92
30 82 181
30 83 185
30 84 260
30 85 330
30 86 275
30 87 169
30 88 250
30 89 254
30 90 125
30 91 218
30 92 220
30 93 214
30 94 156
30 95 229
30 96 143
30 97 158
30 98 211
30 99 190
30 100 261
31 1 273
31 2 311
31 3 181
31 4 247
31 5 239
31 6 290
31 7 194
31 8 222
31 9 312
31 10 181
31 11 172
31 12 269
31 13 344
31 14 251
31 15 194
31 16 238
31 17 308
31 18 373
31 19 178
31 20 218
31 21 297
31 22 167
31 23 237
31 24 245
31 25 266
31 26 291
31 27 81
31 28 124
31 29 147
31 30 230
31 31 0
31 32 35
31 33 51
31 34 71
31 35 150
31 36 113
31 37 200
31 38 269
31 39 290
31 40 180
31 41 116
31 42 140
31 43 220
31 44 236
31 45 97
31 46 178
31 47 265
31 48 193
31 49 194
31 50 203
31 51 119
31 52 128
31 53 195
31 54 118
31 55 148
31 56 153
31 57 188
31 58 226
31 59 171
31 60 54
31 61 97
31 62 145
31 63 204
31 64 159
31 65 170
31 66 172
31 67 267
31 68 182
31 69 183
31 70 268
31 71 363
31 72 194
31 73 239
31 74 271
31 75 169
31 76 268
31 77 363
31 78 313
31 79 187
31 80 239
31 81 87
31 82 176
31 83 180
31 84 255
31 85 325
31 86 270
31 87 164
31 88 245
31 89 249
31 90 120
31 91 213
31 92 215
31 93 209
31 94 151
31 95 224
31 96 138
31 97 153
31 98 206
31 99 185
31 100 256
32 1 238
32 2 276
32 3 146
32 4 212
32 5 204
32 6 255
32 7 159
32 8 187
32 9 277
32 10 146
32 11 137
32 12 234
32 13 309
32 14 216
32 15 159
32 16 203
32 17 273
32 18 338
32 19 143
32 20 183
32 21 262
32 22 132
32 23 202
32 24 210
32 25 231
32 26 256
32 27 46
32 28 89
32 29 112
32 30 195
32 31 200
32 32 0
32 33 16
32 34 36
32 35 115
32 36 78
32 37 165
32 38 234
32 39 255
32 40 145
32 41 81
32 42 105
32 43 185
32 44 201
32 45 62
32 46 143
32 47 230
32 48 158
32 49 159
32 50 168
32 51 84
32 52 93
32 53 160
32 54 83
32 55 113
32 56 118
32 57 153
32 58 191
32 59 136
32 60 19
32 61 62
32 62 110
32 63 169
32 64 124
32 65 135
32 66 137
32 67 232
32 68 147
32 69 148
32 70 233
32 71 328
32 72 159
32 73 204
32 74 236
32 75 134
32 76 233
32 77 328
32 78 278
32 79 152
32 80 204
32 81 52
32 82 141
32 83 145
32 84 220
32 85 290
32 86 235
32 87 129
32 88 210
32 89 214
32 90 85
32 91 178
32 92 180
32 93 174
32 94 116
32 95 189
32 96 103
32 97 118
32 98 171
32 99 150
32 100 221
33 1 328
33 2 366
33 3 241
33 4 307
33 5 188
33 6 239
33 7 167
33 8 193
33 9 283
33 10 241
33 11 232
33 12 329
33 13 404
33 14 306
33 15 143
33 16 187
33 17 257
33 18 322
33 19 127
33 20 167
33 21 246
33 22 116
33 23 186
33 24 194
33 25 215
33 26 275
33 27 176
33 28 219
33 29 242
33 30 325
33 31 330
33 32 365
33 33 0
33 34 20
33 35 99
33 36 173
33 37 260
33 38 329
33 39 350
33 40 162
33 41 177
33 42 201
33 43 281
33 44 185
33 45 223
33 46 150
33 47 237
33 48 248
33 49 143
33 50 152
33 51 68
33 52 77
33 53 144
33 54 178
33 55 208
33 56 213
33 57 222
33 58 260
33 59 120
33 60 149
33 61 192
33 62 240
33 63 299
33 64 254
33 65 265
33 66 154
33 67 249
33 68 131
33 69 132
33 70 217
33 71 312
33 72 143
33 73 188
33 74 220
33 75 118
33 76 217
33 77 312
33 78 262
33 79 136
33 80 188
33 81 182
33 82 271
33 83 129
33 84 204
33 85 274
33 86 219
33 87 113
33 88 194
33 89 198
33 90 69
33 91 162
33 92 164
33 93 193
33 94 199
33 95 272
33 96 87
33 97 102
33 98 155
33 99 240
33 100 311
34 1 308
34 2 346
34 3 221
34 4 287
34 5 168
34 6 219
34 7 147
34 8 173
34 9 263
34 10 221
34 11 212
34 12 309
34 13 384
34 14 286
34 15 123
34 16 167
34 17 237
34 18 302
34 19 107
34 20 147
34 21 226
34 22 96
34 23 166
34 24 174
34 25 195
34 26 255
34 27 156
34 28 199
34 29 222
34 30 305
34 31 310
34 32 345
34 33 323
34 34 0
34 35 79
34 36 153
34 37 240
34 38 309
34 39 330
34 40 142
34 41 157
34 42 181
34 43 261
34 44 165
34 45 203
34 46 130
34 47 217
34 48 228
34 49 123
34 50 132
34 51 48
34 52 57
34 53 124
34 54 158
34 55 188
34 56 193
34 57 202
34 58 240
34 59 100
34 60 129
34 61 172
34 62 220
34 63 279
34 64 234
34 65 245
34 66 134
34 67 229
34 68 111
34 69 112
34 70 197
34 71 292
34 72 123
34 73 168
34 74 200
34 75 98
34 76 197
34 77 292
34 78 242
34 79 116
34 80 168
34 81 162
34 82 251
34 83 109
34 84 184
34 85 254
34 86 199
34 87 93
34 88 174
34 89 178
34 90 49
34 91 142
34 92 144
34 93 173
34 94 179
34 95 252
34 96 67
34 97 82
34 98 135
34 99 220
34 100 291
35 1 234
35 2 272
35 3 142
35 4 208
35 5 89
35 6 140
35 7 68
35 8 96
35 9 186
35 10 142
35 11 133
35 12 230
35 13 305
35 14 212
35 15 44
35 16 88
35 17 158
35 18 223
35 19 182
35 20 222
35 21 301
35 22 115
35 23 185
35 24 146
35 25 116
35 26 216
35 27 164
35 28 196
35 29 182
35 30 265
35 31 270
35 32 305
35 33 280
35 34 300
35 35 0
35 36 74
35 37 161
35 38 230
35 39 251
35 40 106
35 41 114
35 42 138
35 43 218
35 44 86
35 45 124
35 46 205
35 47 292
35 48 154
35 49 193
35 50 202
35 51 154
35 52 157
35 53 224
35 54 79
35 55 109
35 56 114
35 57 149
35 58 187
35 59 206
35 60 137
35 61 95
35 62 143
35 63 202
35 64 228
35 65 239
35 66 98
35 67 193
35 68 32
35 69 33
35 70 118
35 71 213
35 72 44
35 73 89
35 74 138
35 75 19
35 76 118
35 77 213
35 78 180
35 79 216
35 80 268
35 81 156
35 82 245
35 83 259
35 84 334
35 85 404
35 86 218
35 87 302
35 88 141
35 89 145
35 90 155
35 91 248
35 92 163
35 93 170
35 94 149
35 95 222
35 96 86
35 97 101
35 98 154
35 99 146
35 100 217
36 1 160
36 2 198
36 3 68
36 4 134
36 5 156
36 6 207
36 7 81
36 8 109
36 9 199
36 10 68
36 11 59
36 12 156
36 13 231
36 14 138
36 15 145
36 16 189
36 17 259
36 18 324
36 19 108
36 20 148
36 21 227
36 22 128
36 23 198
36 24 206
36 25 260
36 26 178
36 27 188
36 28 231
36 29 195
36 30 278
36 31 283
36 32 318
36 33 334
36 34 354
36 35 433
36 36 0
36 37 87
36 38 156
36 39 177
36 40 174
36 41 189
36 42 213
36 43 293
36 44 153
36 45 191
36 46 272
36 47 359
36 48 80
36 49 119
36 50 128
36 51 80
36 52 89
36 53 156
36 54 5
36 55 35
36 56 40
36 57 75
36 58 113
36 59 132
36 60 161
36 61 196
36 62 244
36 63 196
36 64 154
36 65 165
36 66 166
36 67 261
36 68 244
36 69 134
36 70 219
36 71 314
36 72 145
36 73 190
36 74 232
36 75 295
36 76 394
36 77 489
36 78 274
36 79 148
36 80 200
36 81 82
36 82 171
36 83 208
36 84 283
36 85 353
36 86 231
36 87 315
36 88 235
36 89 239
36 90 81
36 91 174
36 92 176
36 93 96
36 94 102
36 95 175
36 96 99
36 97 114
36 98 167
36 99 72
36 100 143
37 1 434
37 2 472
37 3 296
37 4 362
37 5 338
37 6 389
37 7 344
37 8 372
37 9 462
37 10 254
37 11 302
37 12 399
37 13 474
37 14 412
37 15 320
37 16 355
37 17 425
37 18 490
37 19 351
37 20 391
37 21 470
37 22 263
37 23 333
37 24 294
37 25 348
37 26 422
37 27 333
37 28 376
37 29 399
37 30 482
37 31 487
37 32 522
37 33 322
37 34 342
37 35 421
37 36 365
37 37 0
37 38 69
37 39 90
37 40 141
37 41 156
37 42 180
37 43 260
37 44 335
37 45 260
37 46 341
37 47 428
37 48 354
37 49 290
37 50 299
37 51 266
37 52 224
37 53 291
37 54 356
37 55 386
37 56 391
37 57 201
37 58 239
37 59 302
37 60 331
37 61 196
37 62 244
37 63 109
37 64 178
37 65 189
37 66 191
37 67 286
37 68 308
37 69 309
37 70 394
37 71 489
37 72 145
37 73 190
37 74 286
37 75 349
37 76 448
37 77 543
37 78 328
37 79 283
37 80 335
37 81 339
37 82 428
37 83 451
37 84 526
37 85 596
37 86 366
37 87 435
37 88 289
37 89 293
37 90 267
37 91 360
37 92 311
37 93 340
37 94 250
37 95 323
37 96 234
37 97 249
37 98 302
37 99 346
37 100 417
38 1 365
38 2 403
38 3 227
38 4 293
38 5 269
38 6 320
38 7 275
38 8 303
38 9 393
38 10 185
38 11 233
38 12 330
38 13 405
38 14 343
38 15 251
38 16 286
38 17 356
38 18 421
38 19 282
38 20 322
38 21 401
38 22 194
38 23 264
38 24 225
38 25 279
38 26 353
38 27 264
38 28 307
38 29 330
38 30 413
38 31 418
38 32 453
38 33 253
38 34 273
38 35 352
38 36 296
38 37 383
38 38 0
38 39 21
38 40 72
38 41 87
38 42 111
38 43 191
38 44 266
38 45 191
38 46 272
38 47 359
38 48 285
38 49 221
38 50 230
38 51 197
38 52 155
38 53 222
38 54 287
38 55 317
38 56 322
38 57 132
38 58 170
38 59 233
38 60 262
38 61 127
38 62 175
38 63 40
38 64 109
38 65 120
38 66 122
38 67 217
38 68 239
38 69 240
38 70 325
38 71 420
38 72 76
38 73 121
38 74 217
38 75 280
38 76 379
38 77 474
38 78 259
38 79 214
38 80 266
38 81 270
38 82 359
38 83 382
38 84 457
38 85 527
38 86 297
38 87 366
38 88 220
38 89 224
38 90 198
38 91 291
38 92 242
38 93 271
38 94 181
38 95 254
38 96 165
38 97 180
38 98 233
38 99 277
38 100 348
39 1 385
39 2 423
39 3 302
39 4 368
39 5 248
39 6 299
39 7 319
39 8 285
39 9 375
39 10 164
39 11 212
39 12 309
39 13 384
39 14 363
39 15 295
39 16 265
39 17 335
39 18 400
39 19 261
39 20 301
39 21 380
39 22 173
39 23 243
39 24 251
39 25 305
39 26 332
39 27 268
39 28 311
39 29 334
39 30 417
39 31 422
39 32 457
39 33 232
39 34 252
39 35 331
39 36 300
39 37 387
39 38 456
39 39 0
39 40 51
39 41 66
39 42 90
39 43 170
39 44 245
39 45 170
39 46 251
39 47 338
39 48 305
39 49 200
39 50 209
39 51 176
39 52 134
39 53 201
39 54 266
39 55 296
39 56 301
39 57 111
39 58 149
39 59 212
39 60 241
39 61 284
39 62 332
39 63 391
39 64 346
39 65 357
39 66 211
39 67 306
39 68 328
39 69 284
39 70 369
39 71 464
39 72 295
39 73 340
39 74 277
39 75 340
39 76 439
39 77 534
39 78 319
39 79 193
39 80 245
39 81 274
39 82 363
39 83 361
39 84 436
39 85 506
39 86 276
39 87 345
39 88 280
39 89 284
39 90 177
39 91 270
39 92 221
39 93 250
39 94 256
39 95 329
39 96 144
39 97 159
39 98 212
39 99 297
39 100 368
40 1 334
40 2 372
40 3 251
40 4 317
40 5 197
40 6 248
40 7 268
40 8 234
40 9 324
40 10 113
40 11 161
40 12 258
40 13 333
40 14 312
40 15 244
40 16 214
40 17 284
40 18 349
40 19 210
40 20 250
40 21 329
40 22 122
40 23 192
40 24 200
40 25 254
40 26 281
40 27 217
40 28 260
40 29 283
40 30 366
40 31 371
40 32 406
40 33 181
40 34 201
40 35 280
40 36 249
40 37 336
40 38 405
40 39 426
40 40 0
40 41 15
40 42 39
40 43 119
40 44 194
40 45 119
40 46 200
40 47 287
40 48 254
40 49 149
40 50 158
40 51 125
40 52 83
40 53 150
40 54 215
40 55 245
40 56 250
40 57 60
40 58 98
40 59 161
40 60 190
40 61 233
40 62 281
40 63 340
40 64 295
40 65 306
40 66 160
40 67 255
40 68 277
40 69 233
40 70 318
40 71 413
40 72 244
40 73 289
40 74 226
40 75 289
40 76 388
40 77 483
40 78 268
40 79 142
40 80 194
40 81 223
40 82 312
40 83 310
40 84 385
40 85 455
40 86 225
40 87 294
40 88 229
40 89 233
40 90 126
40 91 219
40 92 170
40 93 199
40 94 205
40 95 278
40 96 93
40 97 108
40 98 161
40 99 246
40 100 317
41 1 414
41 2 452
41 3 331
41 4 397
41 5 182
41 6 233
41 7 299
41 8 281
41 9 371
41 10 144
41 11 192
41 12 289
41 13 364
41 14 364
41 15 282
41 16 296
41 17 366
41 18 431
41 19 241
41 20 281
41 21 360
41 22 202
41 23 272
41 24 280
41 25 334
41 26 361
41 27 264
41 28 307
41 29 330
41 30 413
41 31 418
41 32 453
41 33 166
41 34 186
41 35 265
41 36 296
41 37 383
41 38 452
41 39 473
41 40 250
41 41 0
41 42 24
41 43 104
41 44 179
41 45 104
41 46 185
41 47 272
41 48 306
41 49 231
41 50 240
41 51 156
41 52 165
41 53 232
41 54 297
41 55 327
41 56 332
41 57 310
41 58 348
41 59 208
41 60 237
41 61 280
41 62 328
41 63 387
41 64 342
41 65 353
41 66 242
41 67 337
41 68 270
41 69 271
41 70 356
41 71 451
41 72 282
41 73 327
41 74 308
41 75 279
41 76 378
41 77 473
41 78 350
41 79 224
41 80 276
41 81 270
41 82 359
41 83 295
41 84 370
41 85 440
41 86 305
41 87 279
41 88 311
41 89 315
41 90 157
41 91 250
41 92 250
41 93 279
41 94 285
41 95 358
41 96 175
41 97 188
41 98 241
41 99 326
41 100 397
42 1 390
42 2 428
42 3 307
42 4 373
42 5 158
42 6 209
42 7 275
42 8 257
42 9 347
42 10 120
42 11 168
42 12 265
42 13 340
42 14 340
42 15 258
42 16 272
42 17 342
42 18 407
42 19 217
42 20 257
42 21 336
42 22 178
42 23 248
42 24 256
42 25 310
42 26 337
42 27 240
42 28 283
42 29 306
42 30 389
42 31 394
42 32 429
42 33 142
42 34 162
42 35 241
42 36 272
42 37 359
42 38 428
42 39 449
42 40 226
42 41 241
42 42 0
42 43 80
42 44 155
42 45 80
42 46 161
42 47 248
42 48 282
42 49 207
42 50 216
42 51 132
42 52 141
42 53 208
42 54 273
42 55 303
42 56 308
42 57 286
42 58 324
42 59 184
42 60 213
42 61 256
42 62 304
42 63 363
42 64 318
42 65 329
42 66 218
42 67 313
42 68 246
42 69 247
42 70 332
42 71 427
42 72 258
42 73 303
42 74 284
42 75 255
42 76 354
42 77 449
42 78 326
42 79 200
42 80 252
42 81 246
42 82 335
42 83 271
42 84 346
42 85 416
42 86 281
42 87 255
42 88 287
42 89 291
42 90 133
42 91 226
42 92 226
42 93 255
42 94 261
42 95 334
42 96 151
42 97 164
42 98 217
42 99 302
42 100 373
43 1 312
43 2 350
43 3 229
43 4 295
43 5 78
43 6 129
43 7 195
43 8 177
43 9 267
43 10 40
43 11 88
43 12 185
43 13 260
43 14 290
43 15 178
43 16 192
43 17 262
43 18 327
43 19 137
43 20 177
43 21 256
43 22 100
43 23 170
43 24 178
43 25 232
43 26 259
43 27 160
43 28 203
43 29 226
43 30 309
43 31 314
43 32 349
43 33 62
43 34 82
43 35 161
43 36 192
43 37 279
43 38 348
43 39 369
43 40 146
43 41 161
43 42 185
43 43 0
43 44 75
43 45 113
43 46 194
43 47 281
43 48 232
43 49 127
43 50 136
43 51 52
43 52 61
43 53 128
43 54 193
43 55 223
43 56 228
43 57 206
43 58 244
43 59 104
43 60 133
43 61 176
43 62 224
43 63 283
43 64 238
43 65 249
43 66 138
43 67 233
43 68 166
43 69 167
43 70 252
43 71 347
43 72 178
43 73 223
43 74 204
43 75 180
43 76 279
43 77 374
43 78 246
43 79 120
43 80 172
43 81 166
43 82 255
43 83 191
43 84 266
43 85 336
43 86 203
43 87 175
43 88 207
43 89 211
43 90 53
43 91 146
43 92 148
43 93 177
43 94 183
43 95 256
43 96 71
43 97 86
43 98 139
43 99 224
43 100 295
44 1 330
44 2 368
44 3 247
44 4 313
44 5 3
44 6 54
44 7 120
44 8 148
44 9 238
44 10 278
44 11 314
44 12 348
44 13 423
44 14 298
44 15 103
44 16 147
44 17 217
44 18 282
44 19 306
44 20 346
44 21 425
44 22 118
44 23 188
44 24 196
44 25 175
44 26 275
44 27 223
44 28 266
44 29 234
44 30 317
44 31 322
44 32 357
44 33 339
44 34 359
44 35 438
44 36 255
44 37 342
44 38 411
44 39 432
44 40 165
44 41 173
44 42 197
44 43 277
44 44 0
44 45 38
44 46 119
44 47 206
44 48 240
44 49 226
44 50 235
44 51 274
44 52 160
44 53 227
44 54 260
44 55 290
44 56 295
44 57 225
44 58 263
44 59 326
44 60 196
44 61 154
44 62 202
44 63 261
44 64 301
44 65 312
44 66 157
44 67 252
44 68 91
44 69 92
44 70 177
44 71 272
44 72 103
44 73 148
44 74 244
44 75 213
44 76 312
44 77 407
44 78 286
44 79 219
44 80 271
44 81 229
44 82 318
44 83 321
44 84 396
44 85 466
44 86 221
44 87 305
44 88 247
44 89 251
44 90 275
44 91 368
44 92 166
44 93 195
44 94 201
44 95 274
44 96 89
44 97 104
44 98 157
44 99 242
44 100 313
45 1 310
45 2 348
45 3 227
45 4 293
45 5 245
45 6 296
45 7 245
45 8 273
45 9 363
45 10 335
45 11 383
45 12 310
45 13 385
45 14 260
45 15 221
45 16 265
45 17 335
45 18 400
45 19 299
45 20 339
45 21 418
45 22 98
45 23 168
45 24 176
45 25 230
45 26 257
45 27 307
45 28 350
45 29 359
45 30 442
45 31 447
45 32 482
45 33 371
45 34 391
45 35 470
45 36 339
45 37 426
45 38 495
45 39 516
45 40 225
45 41 205
45 42 229
45 43 309
45 44 242
45 45 0
45 46 81
45 47 168
45 48 202
45 49 206
45 50 215
45 51 254
45 52 140
45 53 207
45 54 272
45 55 302
45 56 307
45 57 285
45 58 323
45 59 306
45 60 314
45 61 346
45 62 394
45 63 453
45 64 276
45 65 287
45 66 217
45 67 312
45 68 333
45 69 284
45 70 369
45 71 464
45 72 295
45 73 238
45 74 283
45 75 175
45 76 274
45 77 369
45 78 325
45 79 199
45 80 251
45 81 204
45 82 293
45 83 301
45 84 376
45 85 446
45 86 201
45 87 285
45 88 286
45 89 290
45 90 255
45 91 348
45 92 146
45 93 175
45 94 181
45 95 254
45 96 150
45 97 84
45 98 137
45 99 222
45 100 293
46 1 229
46 2 267
46 3 146
46 4 212
46 5 164
46 6 215
46 7 164
46 8 192
46 9 282
46 10 254
46 11 302
46 12 229
46 13 304
46 14 179
46 15 140
46 16 184
46 17 254
46 18 319
46 19 218
46 20 258
46 21 337
46 22 17
46 23 87
46 24 95
46 25 149
46 26 176
46 27 226
46 28 269
46 29 278
46 30 361
46 31 366
46 32 401
46 33 290
46 34 310
46 35 389
46 36 258
46 37 345
46 38 414
46 39 435
46 40 144
46 41 124
46 42 148
46 43 228
46 44 161
46 45 199
46 46 0
46 47 87
46 48 121
46 49 125
46 50 134
46 51 173
46 52 59
46 53 126
46 54 191
46 55 221
46 56 226
46 57 204
46 58 242
46 59 225
46 60 233
46 61 265
46 62 313
46 63 372
46 64 195
46 65 206
46 66 136
46 67 231
46 68 252
46 69 203
46 70 288
46 71 383
46 72 214
46 73 157
46 74 202
46 75 94
46 76 193
46 77 288
46 78 244
46 79 118
46 80 170
46 81 123
46 82 212
46 83 220
46 84 295
46 85 365
46 86 120
46 87 204
46 88 205
46 89 209
46 90 174
46 91 267
46 92 65
46 93 94
46 94 100
46 95 173
46 96 69
46 97 3
46 98 56
46 99 141
46 100 212
47 1 348
47 2 386
47 3 256
47 4 322
47 5 77
47 6 128
47 7 194
47 8 222
47 9 312
47 10 242
47 11 247
47 12 142
47 13 217
47 14 92
47 15 177
47 16 221
47 17 291
47 18 356
47 19 296
47 20 336
47 21 415
47 22 169
47 23 239
47 24 134
47 25 188
47 26 288
47 27 229
47 28 184
47 29 207
47 30 290
47 31 295
47 32 330
47 33 310
47 34 330
47 35 409
47 36 188
47 37 275
47 38 344
47 39 365
47 40 129
47 41 144
47 42 168
47 43 248
47 44 74
47 45 112
47 46 193
47 47 0
47 48 34
47 49 73
47 50 82
47 51 121
47 52 130
47 53 197
47 54 193
47 55 223
47 56 228
47 57 189
47 58 227
47 59 173
47 60 202
47 61 228
47 62 276
47 63 335
47 64 108
47 65 119
47 66 121
47 67 216
47 68 165
47 69 166
47 70 251
47 71 346
47 72 177
47 73 70
47 74 126
47 75 7
47 76 106
47 77 201
47 78 168
47 79 189
47 80 241
47 81 36
47 82 125
47 83 162
47 84 237
47 85 307
47 86 272
47 87 356
47 88 129
47 89 133
47 90 122
47 91 215
47 92 217
47 93 246
47 94 252
47 95 325
47 96 140
47 97 155
47 98 208
47 99 260
47 100 331
48 1 314
48 2 352
48 3 222
48 4 288
48 5 76
48 6 127
48 7 172
48 8 200
48 9 290
48 10 208
48 11 213
48 12 108
48 13 183
48 14 58
48 15 148
48 16 192
48 17 262
48 18 327
48 19 262
48 20 302
48 21 381
48 22 135
48 23 205
48 24 213
48 25 248
48 26 294
48 27 195
48 28 238
48 29 261
48 30 344
48 31 349
48 32 384
48 33 276
48 34 296
48 35 375
48 36 154
48 37 241
48 38 310
48 39 331
48 40 95
48 41 110
48 42 134
48 43 214
48 44 73
48 45 111
48 46 192
48 47 279
48 48 0
48 49 39
48 50 48
48 51 87
48 52 96
48 53 163
48 54 159
48 55 189
48 56 194
48 57 155
48 58 193
48 59 139
48 60 168
48 61 211
48 62 259
48 63 318
48 64 74
48 65 85
48 66 87
48 67 182
48 68 164
48 69 165
48 70 250
48 71 345
48 72 176
48 73 221
48 74 239
48 75 286
48 76 385
48 77 480
48 78 281
48 79 155
48 80 207
48 81 2
48 82 91
48 83 128
48 84 203
48 85 273
48 86 238
48 87 322
48 88 242
48 89 246
48 90 88
48 91 181
48 92 183
48 93 212
48 94 218
48 95 291
48 96 106
48 97 121
48 98 174
48 99 226
48 100 297
49 1 308
49 2 346
49 3 225
49 4 291
49 5 304
49 6 355
49 7 208
49 8 173
49 9 263
49 10 252
49 11 247
49 12 336
49 13 411
49 14 286
49 15 184
49 16 188
49 17 258
49 18 323
49 19 296
49 20 336
49 21 415
49 22 96
49 23 166
49 24 174
49 25 228
49 26 255
49 27 156
49 28 199
49 29 222
49 30 305
49 31 310
49 32 345
49 33 323
49 34 343
49 35 422
49 36 188
49 37 275
49 38 344
49 39 365
49 40 142
49 41 157
49 42 181
49 43 261
49 44 301
49 45 261
49 46 320
49 47 407
49 48 228
49 49 0
49 50 9
49 51 48
49 52 57
49 53 124
49 54 189
49 55 219
49 56 224
49 57 202
49 58 240
49 59 100
49 60 129
49 61 172
49 62 220
49 63 279
49 64 234
49 65 245
49 66 134
49 67 229
49 68 251
49 69 207
49 70 292
49 71 387
49 72 218
49 73 263
49 74 200
49 75 263
49 76 362
49 77 457
49 78 242
49 79 116
49 80 168
49 81 162
49 82 251
49 83 288
49 84 363
49 85 433
49 86 199
49 87 283
49 88 203
49 89 207
49 90 49
49 91 142
49 92 144
49 93 173
49 94 179
49 95 252
49 96 67
49 97 82
49 98 135
49 99 220
49 100 291
50 1 299
50 2 337
50 3 216
50 4 282
50 5 295
50 6 346
50 7 199
50 8 164
50 9 254
50 10 243
50 11 238
50 12 327
50 13 402
50 14 277
50 15 175
50 16 179
50 17 249
50 18 314
50 19 287
50 20 327
50 21 406
50 22 87
50 23 157
50 24 165
50 25 219
50 26 246
50 27 147
50 28 190
50 29 213
50 30 296
50 31 301
50 32 336
50 33 314
50 34 334
50 35 413
50 36 179
50 37 266
50 38 335
50 39 356
50 40 133
50 41 148
50 42 172
50 43 252
50 44 292
50 45 252
50 46 311
50 47 398
50 48 219
50 49 114
50 50 0
50 51 39
50 52 48
50 53 115
50 54 180
50 55 210
50 56 215
50 57 193
50 58 231
50 59 91
50 60 120
50 61 163
50 62 211
50 63 270
50 64 225
50 65 236
50 66 125
50 67 220
50 68 242
50 69 198
50 70 283
50 71 378
50 72 209
50 73 254
50 74 191
50 75 254
50 76 353
50 77 448
50 78 233
50 79 107
50 80 159
50 81 153
50 82 242
50 83 279
50 84 354
50 85 424
50 86 190
50 87 274
50 88 194
50 89 198
50 90 40
50 91 133
50 92 135
50 93 164
50 94 170
50 95 243
50 96 58
50 97 73
50 98 126
50 99 211
50 100 282
51 1 260
51 2 298
51 3 177
51 4 243
51 5 256
51 6 307
51 7 160
51 8 125
51 9 215
51 10 204
51 11 199
51 12 288
51 13 363
51 14 238
51 15 136
51 16 140
51 17 210
51 18 275
51 19 248
51 20 288
51 21 367
51 22 48
51 23 118
51 24 126
51 25 180
51 26 207
51 27 108
51 28 151
51 29 174
51 30 257
51 31 262
51 32 297
51 33 275
51 34 295
51 35 374
51 36 140
51 37 227
51 38 296
51 39 317
51 40 94
51 41 109
51 42 133
51 43 213
51 44 253
51 45 213
51 46 272
51 47 359
51 48 180
51 49 75
51 50 84
51 51 0
51 52 9
51 53 76
51 54 141
51 55 171
51 56 176
51 57 154
51 58 192
51 59 52
51 60 81
51 61 124
51 62 172
51 63 231
51 64 186
51 65 197
51 66 86
51 67 181
51 68 203
51 69 159
51 70 244
51 71 339
51 72 170
51 73 215
51 74 152
51 75 215
51 76 314
51 77 409
51 78 194
51 79 68
51 80 120
51 81 114
51 82 203
51 83 240
51 84 315
51 85 385
51 86 151
51 87 235
51 88 155
51 89 159
51 90 1
51 91 94
51 92 96
51 93 125
51 94 131
51 95 204
51 96 19
51 97 34
51 98 87
51 99 172
51 100 243
52 1 251
52 2 289
52 3 168
52 4 234
52 5 247
52 6 298
52 7 185
52 8 213
52 9 303
52 10 195
52 11 243
52 12 279
52 13 354
52 14 229
52 15 161
52 16 131
52 17 201
52 18 266
52 19 240
52 20 280
52 21 359
52 22 39
52 23 109
52 24 117
52 25 171
52 26 198
52 27 219
52 28 262
52 29 285
52 30 368
52 31 373
52 32 408
52 33 266
52 34 286
52 35 365
52 36 251
52 37 338
52 38 407
52 39 428
52 40 85
52 41 100
52 42 124
52 43 204
52 44 244
52 45 204
52 46 263
52 47 350
52 48 171
52 49 66
52 50 75
52 51 114
52 52 0
52 53 67
52 54 132
52 55 162
52 56 167
52 57 145
52 58 183
52 59 166
52 60 195
52 61 212
52 62 260
52 63 319
52 64 245
52 65 256
52 66 77
52 67 172
52 68 194
52 69 150
52 70 235
52 71 330
52 72 161
52 73 206
52 74 143
52 75 206
52 76 305
52 77 400
52 78 185
52 79 59
52 80 111
52 81 173
52 82 262
52 83 242
52 84 317
52 85 387
52 86 142
52 87 226
52 88 146
52 89 150
52 90 115
52 91 208
52 92 87
52 93 116
52 94 122
52 95 195
52 96 10
52 97 25
52 98 78
52 99 163
52 100 234
53 1 220
53 2 258
53 3 208
53 4 274
53 5 216
53 6 267
53 7 229
53 8 257
53 9 347
53 10 128
53 11 176
53 12 248
53 13 323
53 14 198
53 15 205
53 16 249
53 17 319
53 18 384
53 19 225
53 20 265
53 21 344
53 22 188
53 23 258
53 24 266
53 25 320
53 26 238
53 27 248
53 28 291
53 29 314
53 30 397
53 31 402
53 32 437
53 33 415
53 34 435
53 35 514
53 36 280
53 37 367
53 38 436
53 39 457
53 40 234
53 41 249
53 42 273
53 43 353
53 44 213
53 45 251
53 46 332
53 47 419
53 48 140
53 49 179
53 50 188
53 51 140
53 52 149
53 53 0
53 54 65
53 55 95
53 56 100
53 57 135
53 58 173
53 59 192
53 60 221
53 61 256
53 62 304
53 63 363
53 64 214
53 65 225
53 66 226
53 67 321
53 68 304
53 69 194
53 70 279
53 71 374
53 72 205
53 73 250
53 74 292
53 75 355
53 76 454
53 77 549
53 78 334
53 79 208
53 80 260
53 81 142
53 82 231
53 83 268
53 84 343
53 85 413
53 86 291
53 87 375
53 88 295
53 89 299
53 90 141
53 91 234
53 92 236
53 93 156
53 94 162
53 95 235
53 96 159
53 97 174
53 98 227
53 99 132
53 100 203
54 1 155
54 2 193
54 3 143
54 4 209
54 5 151
54 6 202
54 7 164
54 8 192
54 9 282
54 10 63
54 11 111
54 12 183
54 13 258
54 14 133
54 15 140
54 16 184
54 17 254
54 18 319
54 19 160
54 20 200
54 21 279
54 22 123
54 23 193
54 24 201
54 25 255
54 26 173
54 27 183
54 28 226
54 29 249
54 30 332
54 31 337
54 32 372
54 33 350
54 34 370
54 35 449
54 36 215
54 37 302
54 38 371
54 39 392
54 40 169
54 41 184
54 42 208
54 43 288
54 44 148
54 45 186
54 46 267
54 47 354
54 48 75
54 49 114
54 50 123
54 51 75
54 52 84
54 53 151
54 54 0
54 55 30
54 56 35
54 57 70
54 58 108
54 59 127
54 60 156
54 61 191
54 62 239
54 63 298
54 64 149
54 65 160
54 66 161
54 67 256
54 68 239
54 69 129
54 70 214
54 71 309
54 72 140
54 73 185
54 74 227
54 75 290
54 76 389
54 77 484
54 78 269
54 79 143
54 80 195
54 81 77
54 82 166
54 83 203
54 84 278
54 85 348
54 86 226
54 87 310
54 88 230
54 89 234
54 90 76
54 91 169
54 92 171
54 93 91
54 94 97
54 95 170
54 96 94
54 97 109
54 98 162
54 99 67
54 100 138
55 1 305
55 2 343
55 3 222
55 4 288
55 5 301
55 6 352
55 7 134
55 8 162
55 9 252
55 10 33
55 11 81
55 12 178
55 13 253
55 14 283
55 15 110
55 16 154
55 17 224
55 18 289
55 19 130
55 20 170
55 21 249
55 22 93
55 23 163
55 24 171
55 25 225
55 26 252
55 27 153
55 28 196
55 29 219
55 30 302
55 31 307
55 32 342
55 33 320
55 34 340
55 35 419
55 36 185
55 37 272
55 38 341
55 39 362
55 40 139
55 41 154
55 42 178
55 43 258
55 44 298
55 45 258
55 46 317
55 47 404
55 48 225
55 49 120
55 50 129
55 51 45
55 52 54
55 53 121
55 54 186
55 55 0
55 56 5
55 57 40
55 58 78
55 59 97
55 60 126
55 61 161
55 62 209
55 63 268
55 64 231
55 65 242
55 66 131
55 67 226
55 68 248
55 69 99
55 70 184
55 71 279
55 72 110
55 73 155
55 74 197
55 75 260
55 76 359
55 77 454
55 78 239
55 79 113
55 80 165
55 81 159
55 82 248
55 83 285
55 84 360
55 85 430
55 86 196
55 87 280
55 88 200
55 89 204
55 90 46
55 91 139
55 92 141
55 93 170
55 94 176
55 95 249
55 96 64
55 97 79
55 98 132
55 99 217
55 100 288
56 1 309
56 2 347
56 3 226
56 4 292
56 5 305
56 6 356
56 7 129
56 8 157
56 9 247
56 10 88
56 11 136
56 12 233
56 13 308
56 14 287
56 15 105
56 16 149
56 17 219
56 18 284
56 19 185
56 20 225
56 21 304
56 22 97
56 23 167
56 24 175
56 25 229
56 26 256
56 27 192
56 28 235
56 29 243
56 30 326
56 31 331
56 32 366
56 33 324
56 34 344
56 35 423
56 36 224
56 37 311
56 38 380
56 39 401
56 40 143
56 41 158
56 42 182
56 43 262
56 44 302
56 45 262
56 46 321
56 47 408
56 48 229
56 49 124
56 50 133
56 51 100
56 52 58
56 53 125
56 54 190
56 55 220
56 56 0
56 57 35
56 58 73
56 59 136
56 60 165
56 61 156
56 62 204
56 63 263
56 64 270
56 65 281
56 66 135
56 67 230
56 68 252
56 69 94
56 70 179
56 71 274
56 72 105
56 73 150
56 74 201
56 75 264
56 76 363
56 77 458
56 78 243
56 79 117
56 80 169
56 81 198
56 82 287
56 83 300
56 84 375
56 85 445
56 86 200
56 87 284
56 88 204
56 89 208
56 90 101
56 91 194
56 92 145
56 93 174
56 94 180
56 95 253
56 96 68
56 97 83
56 98 136
56 99 221
56 100 292
57 1 274
57 2 312
57 3 191
57 4 257
57 5 270
57 6 321
57 7 208
57 8 174
57 9 264
57 10 53
57 11 101
57 12 198
57 13 273
57 14 252
57 15 184
57 16 154
57 17 224
57 18 289
57 19 150
57 20 190
57 21 269
57 22 62
57 23 132
57 24 140
57 25 194
57 26 221
57 27 157
57 28 200
57 29 223
57 30 306
57 31 311
57 32 346
57 33 289
57 34 309
57 35 388
57 36 189
57 37 276
57 38 345
57 39 366
57 40 108
57 41 123
57 42 147
57 43 227
57 44 267
57 45 227
57 46 286
57 47 373
57 48 194
57 49 89
57 50 98
57 51 65
57 52 23
57 53 90
57 54 155
57 55 185
57 56 190
57 57 0
57 58 38
57 59 101
57 60 130
57 61 173
57 62 221
57 63 280
57 64 235
57 65 246
57 66 100
57 67 195
57 68 217
57 69 173
57 70 258
57 71 353
57 72 184
57 73 229
57 74 166
57 75 229
57 76 328
57 77 423
57 78 208
57 79 82
57 80 134
57 81 163
57 82 252
57 83 265
57 84 340
57 85 410
57 86 165
57 87 249
57 88 169
57 89 173
57 90 66
57 91 159
57 92 110
57 93 139
57 94 145
57 95 218
57 96 33
57 97 48
57 98 101
57 99 186
57 100 257
58 1 311
58 2 349
58 3 219
58 4 285
58 5 307
58 6 358
58 7 171
58 8 136
58 9 226
58 10 130
58 11 178
58 12 275
58 13 350
58 14 289
58 15 147
58 16 191
58 17 261
58 18 326
58 19 227
58 20 267
58 21 346
58 22 139
58 23 209
58 24 217
58 25 271
58 26 298
58 27 119
58 28 162
58 29 185
58 30 268
58 31 273
58 32 308
58 33 320
58 34 340
58 35 419
58 36 151
58 37 238
58 38 307
58 39 328
58 40 185
58 41 154
58 42 178
58 43 258
58 44 304
58 45 258
58 46 339
58 47 426
58 48 231
58 49 166
58 50 175
58 51 142
58 52 100
58 53 167
58 54 156
58 55 186
58 56 191
58 57 77
58 58 0
58 59 63
58 60 92
58 61 135
58 62 183
58 63 242
58 64 197
58 65 208
58 66 177
58 67 272
58 68 294
58 69 210
58 70 295
58 71 390
58 72 221
58 73 266
58 74 243
58 75 306
58 76 405
58 77 500
58 78 285
58 79 159
58 80 211
58 81 125
58 82 214
58 83 251
58 84 326
58 85 396
58 86 242
58 87 326
58 88 246
58 89 250
58 90 143
58 91 236
58 92 187
58 93 216
58 94 189
58 95 262
58 96 110
58 97 125
58 98 178
58 99 223
58 100 294
59 1 248
59 2 286
59 3 156
59 4 222
59 5 244
59 6 295
59 7 108
59 8 73
59 9 163
59 10 156
59 11 147
59 12 244
59 13 319
59 14 226
59 15 84
59 16 128
59 17 198
59 18 263
59 19 196
59 20 236
59 21 315
59 22 155
59 23 225
59 24 233
59 25 287
59 26 266
59 27 56
59 28 99
59 29 122
59 30 205
59 31 210
59 32 245
59 33 257
59 34 277
59 35 356
59 36 88
59 37 175
59 38 244
59 39 265
59 40 155
59 41 91
59 42 115
59 43 195
59 44 241
59 45 195
59 46 276
59 47 363
59 48 168
59 49 207
59 50 216
59 51 168
59 52 177
59 53 244
59 54 93
59 55 123
59 56 128
59 57 163
59 58 201
59 59 0
59 60 29
59 61 72
59 62 120
59 63 179
59 64 134
59 65 145
59 66 147
59 67 242
59 68 264
59 69 147
59 70 232
59 71 327
59 72 158
59 73 203
59 74 299
59 75 362
59 76 461
59 77 556
59 78 341
59 79 236
59 80 288
59 81 62
59 82 151
59 83 188
59 84 263
59 85 333
59 86 258
59 87 342
59 88 302
59 89 306
59 90 169
59 91 262
59 92 203
59 93 184
59 94 126
59 95 199
59 96 126
59 97 141
59 98 194
59 99 160
59 100 231
60 1 219
60 2 257
60 3 127
60 4 193
60 5 215
60 6 266
60 7 140
60 8 168
60 9 258
60 10 127
60 11 118
60 12 215
60 13 290
60 14 197
60 15 204
60 16 248
60 17 318
60 18 383
60 19 167
60 20 207
60 21 286
60 22 187
60 23 257
60 24 265
60 25 319
60 26 237
60 27 27
60 28 70
60 29 93
60 30 176
60 31 181
60 32 216
60 33 228
60 34 248
60 35 327
60 36 59
60 37 146
60 38 215
60 39 236
60 40 126
60 41 62
60 42 86
60 43 166
60 44 212
60 45 166
60 46 247
60 47 334
60 48 139
60 49 178
60 50 187
60 51 139
60 52 148
60 53 215
60 54 64
60 55 94
60 56 99
60 57 134
60 58 172
60 59 191
60 60 0
60 61 43
60 62 91
60 63 150
60 64 105
60 65 116
60 66 118
60 67 213
60 68 235
60 69 193
60 70 278
60 71 373
60 72 186
60 73 231
60 74 291
60 75 341
60 76 440
60 77 535
60 78 333
60 79 207
60 80 259
60 81 33
60 82 122
60 83 159
60 84 234
60 85 304
60 86 290
60 87 341
60 88 294
60 89 298
60 90 140
60 91 233
60 92 235
60 93 155
60 94 97
60 95 170
60 96 158
60 97 173
60 98 226
60 99 131
60 100 202
61 1 238
61 2 276
61 3 100
61 4 166
61 5 201
61 6 252
61 7 318
61 8 300
61 9 390
61 10 163
61 11 211
61 12 266
61 13 341
61 14 216
61 15 301
61 16 315
61 17 385
61 18 450
61 19 260
61 20 300
61 21 379
61 22 221
61 23 291
61 24 292
61 25 346
61 26 256
61 27 283
61 28 326
61 29 349
61 30 432
61 31 437
61 32 472
61 33 185
61 34 205
61 35 284
61 36 312
61 37 399
61 38 468
61 39 489
61 40 197
61 41 19
61 42 43
61 43 123
61 44 198
61 45 123
61 46 204
61 47 291
61 48 158
61 49 197
61 50 206
61 51 175
61 52 184
61 53 251
61 54 316
61 55 346
61 56 351
61 57 257
61 58 295
61 59 227
61 60 256
61 61 0
61 62 48
61 63 107
61 64 176
61 65 187
61 66 189
61 67 284
61 68 289
61 69 290
61 70 375
61 71 470
61 72 143
61 73 188
61 74 284
61 75 298
61 76 397
61 77 492
61 78 326
61 79 243
61 80 295
61 81 160
61 82 249
61 83 286
61 84 361
61 85 431
61 86 324
61 87 298
61 88 287
61 89 291
61 90 176
61 91 269
61 92 269
61 93 174
61 94 54
61 95 127
61 96 194
61 97 207
61 98 260
61 99 150
61 100 221
62 1 190
62 2 228
62 3 52
62 4 118
62 5 186
62 6 237
62 7 282
62 8 310
62 9 400
62 10 262
62 11 310
62 12 218
62 13 293
62 14 168
62 15 258
62 16 302
62 17 372
62 18 437
62 19 359
62 20 399
62 21 478
62 22 199
62 23 269
62 24 244
62 25 298
62 26 208
62 27 258
62 28 301
62 29 324
62 30 407
62 31 412
62 32 447
62 33 330
62 34 350
62 35 429
62 36 264
62 37 351
62 38 420
62 39 441
62 40 149
62 41 164
62 42 188
62 43 268
62 44 183
62 45 221
62 46 302
62 47 389
62 48 110
62 49 149
62 50 158
62 51 197
62 52 206
62 53 273
62 54 269
62 55 299
62 56 304
62 57 209
62 58 247
62 59 249
62 60 246
62 61 146
62 62 0
62 63 59
62 64 128
62 65 139
62 66 141
62 67 236
62 68 258
62 69 259
62 70 344
62 71 439
62 72 95
62 73 140
62 74 236
62 75 299
62 76 398
62 77 493
62 78 278
62 79 265
62 80 317
62 81 112
62 82 201
62 83 238
62 84 313
62 85 383
62 86 302
62 87 386
62 88 239
62 89 243
62 90 198
62 91 291
62 92 247
62 93 126
62 94 6
62 95 79
62 96 170
62 97 185
62 98 238
62 99 102
62 100 173
63 1 325
63 2 363
63 3 187
63 4 253
63 5 287
63 6 338
63 7 235
63 8 263
63 9 353
63 10 203
63 11 251
63 12 348
63 13 423
63 14 303
63 15 211
63 16 255
63 17 325
63 18 390
63 19 300
63 20 340
63 21 419
63 22 212
63 23 282
63 24 185
63 25 239
63 26 339
63 27 224
63 28 267
63 29 290
63 30 373
63 31 378
63 32 413
63 33 271
63 34 291
63 35 370
63 36 256
63 37 343
63 38 412
63 39 433
63 40 90
63 41 105
63 42 129
63 43 209
63 44 284
63 45 209
63 46 290
63 47 377
63 48 245
63 49 239
63 50 248
63 51 215
63 52 173
63 53 240
63 54 261
63 55 291
63 56 296
63 57 150
63 58 188
63 59 251
63 60 280
63 61 87
63 62 135
63 63 0
63 64 69
63 65 80
63 66 82
63 67 177
63 68 199
63 69 200
63 70 285
63 71 380
63 72 36
63 73 81
63 74 177
63 75 240
63 76 339
63 77 434
63 78 219
63 79 232
63 80 284
63 81 230
63 82 319
63 83 356
63 84 431
63 85 501
63 86 315
63 87 384
63 88 180
63 89 184
63 90 216
63 91 309
63 92 260
63 93 261
63 94 141
63 95 214
63 96 183
63 97 198
63 98 251
63 99 237
63 100 308
64 1 347
64 2 385
64 3 255
64 4 321
64 5 218
64 6 269
64 7 166
64 8 194
64 9 284
64 10 134
64 11 182
64 12 279
64 13 354
64 14 325
64 15 142
64 16 186
64 17 256
64 18 321
64 19 231
64 20 271
64 21 350
64 22 143
64 23 213
64 24 221
64 25 214
64 26 302
64 27 155
64 28 198
64 29 221
64 30 304
64 31 309
64 32 344
64 33 202
64 34 222
64 35 301
64 36 187
64 37 274
64 38 343
64 39 364
64 40 21
64 41 36
64 42 60
64 43 140
64 44 215
64 45 140
64 46 221
64 47 308
64 48 267
64 49 170
64 50 179
64 51 146
64 52 104
64 53 171
64 54 192
64 55 222
64 56 227
64 57 81
64 58 119
64 59 182
64 60 211
64 61 193
64 62 241
64 63 300
64 64 0
64 65 11
64 66 13
64 67 108
64 68 130
64 69 131
64 70 216
64 71 311
64 72 142
64 73 187
64 74 247
64 75 310
64 76 409
64 77 504
64 78 289
64 79 163
64 80 215
64 81 161
64 82 250
64 83 287
64 84 362
64 85 432
64 86 246
64 87 315
64 88 250
64 89 254
64 90 147
64 91 240
64 92 191
64 93 220
64 94 226
64 95 299
64 96 114
64 97 129
64 98 182
64 99 259
64 100 330
65 1 336
65 2 374
65 3 244
65 4 310
65 5 207
65 6 258
65 7 155
65 8 183
65 9 273
65 10 123
65 11 171
65 12 268
65 13 343
65 14 314
65 15 131
65 16 175
65 17 245
65 18 310
65 19 220
65 20 260
65 21 339
65 22 132
65 23 202
65 24 210
65 25 203
65 26 291
65 27 144
65 28 187
65 29 210
65 30 293
65 31 298
65 32 333
65 33 191
65 34 211
65 35 290
65 36 176
65 37 263
65 38 332
65 39 353
65 40 10
65 41 25
65 42 49
65 43 129
65 44 204
65 45 129
65 46 210
65 47 297
65 48 256
65 49 159
65 50 168
65 51 135
65 52 93
65 53 160
65 54 181
65 55 211
65 56 216
65 57 70
65 58 108
65 59 171
65 60 200
65 61 182
65 62 230
65 63 289
65 64 222
65 65 0
65 66 2
65 67 97
65 68 119
65 69 120
65 70 205
65 71 300
65 72 131
65 73 176
65 74 236
65 75 299
65 76 398
65 77 493
65 78 278
65 79 152
65 80 204
65 81 150
65 82 239
65 83 276
65 84 351
65 85 421
65 86 235
65 87 304
65 88 239
65 89 243
65 90 136
65 91 229
65 92 180
65 93 209
65 94 215
65 95 288
65 96 103
65 97 118
65 98 171
65 99 248
65 100 319
66 1 334
66 2 372
66 3 242
66 4 308
66 5 205
66 6 256
66 7 153
66 8 181
66 9 271
66 10 121
66 11 169
66 12 266
66 13 341
66 14 312
66 15 129
66 16 173
66 17 243
66 18 308
66 19 218
66 20 258
66 21 337
66 22 130
66 23 200
66 24 208
66 25 201
66 26 289
66 27 142
66 28 185
66 29 208
66 30 291
66 31 296
66 32 331
66 33 189
66 34 209
66 35 288
66 36 174
66 37 261
66 38 330
66 39 351
66 40 8
66 41 23
66 42 47
66 43 127
66 44 202
66 45 127
66 46 208
66 47 295
66 48 254
66 49 157
66 50 166
66 51 133
66 52 91
66 53 158
66 54 179
66 55 209
66 56 214
66 57 68
66 58 106
66 59 169
66 60 198
66 61 180
66 62 228
66 63 287
66 64 220
66 65 231
66 66 0
66 67 95
66 68 117
66 69 118
66 70 203
66 71 298
66 72 129
66 73 174
66 74 234
66 75 297
66 76 396
66 77 491
66 78 276
66 79 150
66 80 202
66 81 148
66 82 237
66 83 274
66 84 349
66 85 419
66 86 233
66 87 302
66 88 237
66 89 241
66 90 134
66 91 227
66 92 178
66 93 207
66 94 213
66 95 286
66 96 101
66 97 116
66 98 169
66 99 246
66 100 317
67 1 239
67 2 277
67 3 147
67 4 213
67 5 235
67 6 286
67 7 58
67 8 86
67 9 176
67 10 147
67 11 138
67 12 235
67 13 310
67 14 217
67 15 34
67 16 78
67 17 148
67 18 213
67 19 187
67 20 227
67 21 306
67 22 105
67 23 175
67 24 183
67 25 106
67 26 206
67 27 47
67 28 90
67 29 113
67 30 196
67 31 201
67 32 236
67 33 252
67 34 272
67 35 351
67 36 79
67 37 166
67 38 235
67 39 256
67 40 96
67 41 104
67 42 128
67 43 208
67 44 232
67 45 208
67 46 289
67 47 376
67 48 159
67 49 198
67 50 207
67 51 159
67 52 147
67 53 214
67 54 84
67 55 114
67 56 119
67 57 154
67 58 192
67 59 211
67 60 127
67 61 85
67 62 133
67 63 192
67 64 125
67 65 136
67 66 88
67 67 0
67 68 22
67 69 23
67 70 108
67 71 203
67 72 34
67 73 79
67 74 175
67 75 238
67 76 337
67 77 432
67 78 217
67 79 206
67 80 258
67 81 53
67 82 142
67 83 179
67 84 254
67 85 324
67 86 208
67 87 292
67 88 178
67 89 182
67 90 160
67 91 253
67 92 153
67 93 175
67 94 139
67 95 212
67 96 76
67 97 91
67 98 144
67 99 151
67 100 222
68 1 295
68 2 333
68 3 163
68 4 229
68 5 226
68 6 277
68 7 36
68 8 64
68 9 154
68 10 187
68 11 223
68 12 258
68 13 333
68 14 208
68 15 12
68 16 56
68 17 126
68 18 191
68 19 215
68 20 255
68 21 334
68 22 83
68 23 153
68 24 161
68 25 84
68 26 184
68 27 132
68 28 175
68 29 150
68 30 233
68 31 238
68 32 273
68 33 248
68 34 268
68 35 347
68 36 164
68 37 251
68 38 320
68 39 341
68 40 74
68 41 82
68 42 106
68 43 186
68 44 223
68 45 186
68 46 267
68 47 354
68 48 150
68 49 189
68 50 198
68 51 199
68 52 125
68 53 192
68 54 169
68 55 199
68 56 204
68 57 134
68 58 172
68 59 235
68 60 105
68 61 63
68 62 111
68 63 170
68 64 210
68 65 221
68 66 66
68 67 161
68 68 0
68 69 1
68 70 86
68 71 181
68 72 12
68 73 57
68 74 153
68 75 216
68 76 315
68 77 410
68 78 195
68 79 184
68 80 236
68 81 138
68 82 227
68 83 264
68 84 339
68 85 409
68 86 186
68 87 270
68 88 156
68 89 160
68 90 200
68 91 293
68 92 131
68 93 160
68 94 117
68 95 190
68 96 54
68 97 69
68 98 122
68 99 207
68 100 278
69 1 294
69 2 332
69 3 162
69 4 228
69 5 225
69 6 276
69 7 35
69 8 63
69 9 153
69 10 186
69 11 222
69 12 257
69 13 332
69 14 207
69 15 11
69 16 55
69 17 125
69 18 190
69 19 214
69 20 254
69 21 333
69 22 82
69 23 152
69 24 160
69 25 214
69 26 241
69 27 131
69 28 174
69 29 149
69 30 232
69 31 237
69 32 272
69 33 247
69 34 267
69 35 346
69 36 163
69 37 250
69 38 319
69 39 340
69 40 73
69 41 81
69 42 105
69 43 185
69 44 222
69 45 185
69 46 266
69 47 353
69 48 149
69 49 188
69 50 197
69 51 198
69 52 124
69 53 191
69 54 168
69 55 198
69 56 203
69 57 133
69 58 171
69 59 234
69 60 104
69 61 62
69 62 110
69 63 169
69 64 209
69 65 220
69 66 65
69 67 160
69 68 182
69 69 0
69 70 85
69 71 180
69 72 11
69 73 56
69 74 152
69 75 215
69 76 314
69 77 409
69 78 194
69 79 183
69 80 235
69 81 137
69 82 226
69 83 263
69 84 338
69 85 408
69 86 185
69 87 269
69 88 155
69 89 159
69 90 199
69 91 292
69 92 130
69 93 159
69 94 116
69 95 189
69 96 53
69 97 68
69 98 121
69 99 206
69 100 277
70 1 394
70 2 432
70 3 256
70 4 322
70 5 357
70 6 408
70 7 441
70 8 406
70 9 496
70 10 319
70 11 367
70 12 422
70 13 497
70 14 372
70 15 417
70 16 425
70 17 495
70 18 560
70 19 416
70 20 456
70 21 535
70 22 305
70 23 375
70 24 254
70 25 308
70 26 408
70 27 389
70 28 432
70 29 455
70 30 538
70 31 543
70 32 578
70 33 341
70 34 361
70 35 440
70 36 421
70 37 508
70 38 577
70 39 598
70 40 353
70 41 175
70 42 199
70 43 279
70 44 354
70 45 279
70 46 360
70 47 447
70 48 314
70 49 353
70 50 362
70 51 331
70 52 340
70 53 407
70 54 426
70 55 456
70 56 461
70 57 413
70 58 451
70 59 333
70 60 362
70 61 156
70 62 204
70 63 263
70 64 332
70 65 343
70 66 345
70 67 440
70 68 445
70 69 444
70 70 0
70 71 95
70 72 105
70 73 150
70 74 246
70 75 309
70 76 408
70 77 503
70 78 288
70 79 353
70 80 405
70 81 316
70 82 405
70 83 442
70 84 517
70 85 587
70 86 408
70 87 454
70 88 249
70 89 253
70 90 332
70 91 425
70 92 353
70 93 330
70 94 210
70 95 283
70 96 350
70 97 291
70 98 344
70 99 306
70 100 377
71 1 299
71 2 337
71 3 161
71 4 227
71 5 262
71 6 313
71 7 346
71 8 311
71 9 401
71 10 224
71 11 272
71 12 327
71 13 402
71 14 277
71 15 322
71 16 330
71 17 400
71 18 465
71 19 321
71 20 361
71 21 440
71 22 210
71 23 280
71 24 159
71 25 213
71 26 313
71 27 294
71 28 337
71 29 360
71 30 443
71 31 448
71 32 483
71 33 246
71 34 266
71 35 345
71 36 326
71 37 413
71 38 482
71 39 503
71 40 258
71 41 80
71 42 104
71 43 184
71 44 259
71 45 184
71 46 265
71 47 352
71 48 219
71 49 258
71 50 267
71 51 236
71 52 245
71 53 312
71 54 331
71 55 361
71 56 366
71 57 318
71 58 356
71 59 238
71 60 267
71 61 61
71 62 109
71 63 168
71 64 237
71 65 248
71 66 250
71 67 345
71 68 350
71 69 349
71 70 434
71 71 0
71 72 10
71 73 55
71 74 151
71 75 214
71 76 313
71 77 408
71 78 193
71 79 258
71 80 310
71 81 221
71 82 310
71 83 347
71 84 422
71 85 492
71 86 313
71 87 359
71 88 154
71 89 158
71 90 237
71 91 330
71 92 258
71 93 235
71 94 115
71 95 188
71 96 255
71 97 196
71 98 249
71 99 211
71 100 282
72 1 289
72 2 327
72 3 151
72 4 217
72 5 252
72 6 303
72 7 336
72 8 301
72 9 391
72 10 214
72 11 262
72 12 317
72 13 392
72 14 267
72 15 312
72 16 320
72 17 390
72 18 455
72 19 311
72 20 351
72 21 430
72 22 200
72 23 270
72 24 149
72 25 203
72 26 303
72 27 284
72 28 327
72 29 350
72 30 433
72 31 438
72 32 473
72 33 236
72 34 256
72 35 335
72 36 316
72 37 403
72 38 472
72 39 493
72 40 248
72 41 70
72 42 94
72 43 174
72 44 249
72 45 174
72 46 255
72 47 342
72 48 209
72 49 248
72 50 257
72 51 226
72 52 235
72 53 302
72 54 321
72 55 351
72 56 356
72 57 308
72 58 346
72 59 228
72 60 257
72 61 51
72 62 99
72 63 158
72 64 227
72 65 238
72 66 240
72 67 335
72 68 340
72 69 339
72 70 424
72 71 519
72 72 0
72 73 45
72 74 141
72 75 204
72 76 303
72 77 398
72 78 183
72 79 248
72 80 300
72 81 211
72 82 300
72 83 337
72 84 412
72 85 482
72 86 303
72 87 349
72 88 144
72 89 148
72 90 227
72 91 320
72 92 248
72 93 225
72 94 105
72 95 178
72 96 245
72 97 186
72 98 239
72 99 201
72 100 272
73 1 367
73 2 405
73 3 284
73 4 350
73 5 229
73 6 280
73 7 291
73 8 256
73 9 346
73 10 339
73 11 330
73 12 395
73 13 470
73 14 345
73 15 267
73 16 275
73 17 345
73 18 410
73 19 356
73 20 396
73 21 475
73 22 155
73 23 225
73 24 104
73 25 158
73 26 258
73 27 239
73 28 282
73 29 305
73 30 388
73 31 393
73 32 428
73 33 428
73 34 448
73 35 527
73 36 271
73 37 358
73 38 427
73 39 448
73 40 282
73 41 262
73 42 286
73 43 366
73 44 226
73 45 264
73 46 345
73 47 432
73 48 287
73 49 210
73 50 219
73 51 258
73 52 197
73 53 264
73 54 276
73 55 306
73 56 311
73 57 342
73 58 380
73 59 183
73 60 212
73 61 255
73 62 303
73 63 362
73 64 317
73 65 328
73 66 274
73 67 369
73 68 317
73 69 294
73 70 379
73 71 474
73 72 305
73 73 0
73 74 96
73 75 159
73 76 258
73 77 353
73 78 138
73 79 203
73 80 255
73 81 245
73 82 334
73 83 358
73 84 433
73 85 503
73 86 258
73 87 342
73 88 99
73 89 103
73 90 202
73 91 295
73 92 203
73 93 232
73 94 238
73 95 311
73 96 207
73 97 141
73 98 194
73 99 279
73 100 350
74 1 271
74 2 309
74 3 188
74 4 254
74 5 133
74 6 184
74 7 195
74 8 160
74 9 250
74 10 243
74 11 234
74 12 299
74 13 374
74 14 249
74 15 171
74 16 179
74 17 249
74 18 314
74 19 260
74 20 300
74 21 379
74 22 59
74 23 129
74 24 8
74 25 62
74 26 162
74 27 143
74 28 186
74 29 209
74 30 292
74 31 297
74 32 332
74 33 332
74 34 352
74 35 431
74 36 175
74 37 262
74 38 331
74 39 352
74 40 186
74 41 166
74 42 190
74 43 270
74 44 130
74 45 168
74 46 249
74 47 336
74 48 191
74 49 114
74 50 123
74 51 162
74 52 101
74 53 168
74 54 180
74 55 210
74 56 215
74 57 246
74 58 284
74 59 87
74 60 116
74 61 159
74 62 207
74 63 266
74 64 221
74 65 232
74 66 178
74 67 273
74 68 221
74 69 198
74 70 283
74 71 378
74 72 209
74 73 254
74 74 0
74 75 63
74 76 162
74 77 257
74 78 42
74 79 107
74 80 159
74 81 149
74 82 238
74 83 262
74 84 337
74 85 407
74 86 162
74 87 246
74 88 3
74 89 7
74 90 106
74 91 199
74 92 107
74 93 136
74 94 142
74 95 215
74 96 111
74 97 45
74 98 98
74 99 183
74 100 254
75 1 390
75 2 428
75 3 307
75 4 373
75 5 70
75 6 121
75 7 187
75 8 215
75 9 305
75 10 345
75 11 353
75 12 246
75 13 321
75 14 196
75 15 170
75 16 214
75 17 284
75 18 349
75 19 373
75 20 413
75 21 492
75 22 178
75 23 248
75 24 127
75 25 181
75 26 281
75 27 262
75 28 177
75 29 200
75 30 283
75 31 288
75 32 323
75 33 339
75 34 359
75 35 438
75 36 294
75 37 381
75 38 450
75 39 471
75 40 232
75 41 240
75 42 264
75 43 344
75 44 67
75 45 105
75 46 186
75 47 273
75 48 307
75 49 233
75 50 242
75 51 281
75 52 220
75 53 287
75 54 299
75 55 329
75 56 334
75 57 292
75 58 330
75 59 206
75 60 235
75 61 221
75 62 269
75 63 328
75 64 340
75 65 351
75 66 224
75 67 319
75 68 158
75 69 159
75 70 244
75 71 339
75 72 170
75 73 215
75 74 119
75 75 0
75 76 99
75 77 194
75 78 161
75 79 226
75 80 278
75 81 268
75 82 357
75 83 240
75 84 315
75 85 385
75 86 281
75 87 365
75 88 122
75 89 126
75 90 225
75 91 318
75 92 226
75 93 255
75 94 261
75 95 334
75 96 156
75 97 164
75 98 217
75 99 302
75 100 373
76 1 291
76 2 329
76 3 208
76 4 274
76 5 115
76 6 166
76 7 211
76 8 180
76 9 270
76 10 263
76 11 254
76 12 147
76 13 222
76 14 97
76 15 187
76 16 199
76 17 269
76 18 334
76 19 280
76 20 320
76 21 399
76 22 79
76 23 149
76 24 28
76 25 82
76 26 182
76 27 163
76 28 78
76 29 101
76 30 184
76 31 189
76 32 224
76 33 240
76 34 260
76 35 339
76 36 195
76 37 282
76 38 351
76 39 372
76 40 206
76 41 186
76 42 210
76 43 290
76 44 112
76 45 150
76 46 231
76 47 318
76 48 211
76 49 134
76 50 143
76 51 182
76 52 121
76 53 188
76 54 200
76 55 230
76 56 235
76 57 266
76 58 304
76 59 107
76 60 136
76 61 179
76 62 227
76 63 286
76 64 241
76 65 252
76 66 198
76 67 293
76 68 203
76 69 204
76 70 289
76 71 384
76 72 215
76 73 260
76 74 20
76 75 83
76 76 0
76 77 95
76 78 62
76 79 127
76 80 179
76 81 169
76 82 258
76 83 141
76 84 216
76 85 286
76 86 182
76 87 266
76 88 23
76 89 27
76 90 126
76 91 219
76 92 127
76 93 156
76 94 162
76 95 235
76 96 131
76 97 65
76 98 118
76 99 203
76 100 274
77 1 251
77 2 289
77 3 168
77 4 234
77 5 20
77 6 71
77 7 116
77 8 140
77 9 230
77 10 223
77 11 214
77 12 52
77 13 127
77 14 2
77 15 92
77 16 136
77 17 206
77 18 271
77 19 240
77 20 280
77 21 359
77 22 39
77 23 109
77 24 117
77 25 171
77 26 198
77 27 123
77 28 166
77 29 189
77 30 272
77 31 277
77 32 312
77 33 312
77 34 332
77 35 411
77 36 155
77 37 242
77 38 311
77 39 332
77 40 166
77 41 146
77 42 170
77 43 250
77 44 17
77 45 55
77 46 136
77 47 223
77 48 171
77 49 94
77 50 103
77 51 142
77 52 81
77 53 148
77 54 160
77 55 190
77 56 195
77 57 226
77 58 264
77 59 67
77 60 96
77 61 139
77 62 187
77 63 246
77 64 201
77 65 212
77 66 158
77 67 253
77 68 108
77 69 109
77 70 194
77 71 289
77 72 120
77 73 165
77 74 171
77 75 230
77 76 329
77 77 0
77 78 22
77 79 87
77 80 139
77 81 129
77 82 218
77 83 46
77 84 121
77 85 191
77 86 142
77 87 226
77 88 174
77 89 178
77 90 143
77 91 127
77 92 87
77 93 116
77 94 122
77 95 195
77 96 91
77 97 25
77 98 78
77 99 163
77 100 234
78 1 229
78 2 267
78 3 146
78 4 212
78 5 225
78 6 276
78 7 153
78 8 118
78 9 208
78 10 201
78 11 192
78 12 257
78 13 332
78 14 207
78 15 129
78 16 137
78 17 207
78 18 272
78 19 218
78 20 258
78 21 337
78 22 17
78 23 87
78 24 95
78 25 149
78 26 176
78 27 101
78 28 144
78 29 167
78 30 250
78 31 255
78 32 290
78 33 290
78 34 310
78 35 389
78 36 133
78 37 220
78 38 289
78 39 310
78 40 144
78 41 124
78 42 148
78 43 228
78 44 222
78 45 228
78 46 241
78 47 328
78 48 149
78 49 72
78 50 81
78 51 120
78 52 59
78 53 126
78 54 138
78 55 168
78 56 173
78 57 204
78 58 242
78 59 45
78 60 74
78 61 117
78 62 165
78 63 224
78 64 179
78 65 190
78 66 136
78 67 231
78 68 253
78 69 156
78 70 241
78 71 336
78 72 167
78 73 212
78 74 149
78 75 212
78 76 311
78 77 406
78 78 0
78 79 65
78 80 117
78 81 107
78 82 196
78 83 220
78 84 295
78 85 365
78 86 120
78 87 204
78 88 152
78 89 156
78 90 121
78 91 214
78 92 65
78 93 94
78 94 100
78 95 173
78 96 69
78 97 3
78 98 56
78 99 141
78 100 212
79 1 315
79 2 353
79 3 232
79 4 298
79 5 217
79 6 268
79 7 126
79 8 154
79 9 244
79 10 259
79 11 254
79 12 274
79 13 349
79 14 224
79 15 102
79 16 72
79 17 142
79 18 207
79 19 231
79 20 271
79 21 350
79 22 103
79 23 173
79 24 92
79 25 146
79 26 246
79 27 163
79 28 206
79 29 229
79 30 312
79 31 317
79 32 352
79 33 318
79 34 338
79 35 417
79 36 195
79 37 282
79 38 351
79 39 372
79 40 149
79 41 152
79 42 176
79 43 256
79 44 214
79 45 252
79 46 327
79 47 414
79 48 166
79 49 7
79 50 16
79 51 55
79 52 64
79 53 131
79 54 196
79 55 226
79 56 231
79 57 209
79 58 247
79 59 107
79 60 136
79 61 153
79 62 201
79 63 260
79 64 205
79 65 216
79 66 141
79 67 236
79 68 258
79 69 91
79 70 176
79 71 271
79 72 102
79 73 147
79 74 84
79 75 147
79 76 246
79 77 341
79 78 126
79 79 0
79 80 52
79 81 133
79 82 222
79 83 259
79 84 334
79 85 404
79 86 206
79 87 290
79 88 87
79 89 91
79 90 56
79 91 149
79 92 151
79 93 180
79 94 186
79 95 259
79 96 74
79 97 89
79 98 142
79 99 227
79 100 298
80 1 360
80 2 398
80 3 277
80 4 343
80 5 356
80 6 407
80 7 260
80 8 225
80 9 315
80 10 287
80 11 292
80 12 388
80 13 463
80 14 338
80 15 236
80 16 240
80 17 310
80 18 375
80 19 341
80 20 381
80 21 460
80 22 148
80 23 218
80 24 226
80 25 280
80 26 307
80 27 208
80 28 251
80 29 274
80 30 357
80 31 362
80 32 397
80 33 355
80 34 375
80 35 454
80 36 233
80 37 320
80 38 389
80 39 410
80 40 174
80 41 189
80 42 213
80 43 293
80 44 353
80 45 293
80 46 372
80 47 459
80 48 280
80 49 52
80 50 61
80 51 100
80 52 109
80 53 176
80 54 238
80 55 268
80 56 273
80 57 234
80 58 272
80 59 152
80 60 181
80 61 224
80 62 272
80 63 331
80 64 153
80 65 164
80 66 166
80 67 261
80 68 283
80 69 259
80 70 344
80 71 439
80 72 270
80 73 315
80 74 252
80 75 315
80 76 414
80 77 509
80 78 294
80 79 168
80 80 0
80 81 81
80 82 170
80 83 207
80 84 282
80 85 352
80 86 251
80 87 335
80 88 255
80 89 259
80 90 101
80 91 194
80 92 196
80 93 225
80 94 231
80 95 304
80 96 119
80 97 134
80 98 187
80 99 272
80 100 343
81 1 312
81 2 350
81 3 220
81 4 286
81 5 290
81 6 341
81 7 233
81 8 261
81 9 351
81 10 206
81 11 211
81 12 308
81 13 383
81 14 290
81 15 214
81 16 258
81 17 328
81 18 393
81 19 260
81 20 300
81 21 379
81 22 215
81 23 285
81 24 293
81 25 286
81 26 330
81 27 227
81 28 270
81 29 293
81 30 376
81 31 381
81 32 416
81 33 274
81 34 294
81 35 373
81 36 152
81 37 239
81 38 308
81 39 329
81 40 93
81 41 108
81 42 132
81 43 212
81 44 287
81 45 212
81 46 293
81 47 380
81 48 232
81 49 242
81 50 251
81 51 218
81 52 176
81 53 243
81 54 157
81 55 187
81 56 192
81 57 153
81 58 191
81 59 254
81 60 283
81 61 265
81 62 313
81 63 348
81 64 72
81 65 83
81 66 85
81 67 180
81 68 202
81 69 203
81 70 288
81 71 383
81 72 214
81 73 259
81 74 319
81 75 382
81 76 481
81 77 576
81 78 361
81 79 235
81 80 287
81 81 0
81 82 89
81 83 126
81 84 201
81 85 271
81 86 318
81 87 387
81 88 322
81 89 326
81 90 219
81 91 207
81 92 263
81 93 248
81 94 254
81 95 327
81 96 186
81 97 201
81 98 254
81 99 224
81 100 295
82 1 223
82 2 261
82 3 131
82 4 197
82 5 219
82 6 270
82 7 144
82 8 172
82 9 262
82 10 131
82 11 122
82 12 219
82 13 294
82 14 201
82 15 208
82 16 252
82 17 322
82 18 387
82 19 171
82 20 211
82 21 290
82 22 191
82 23 261
82 24 269
82 25 323
82 26 241
82 27 251
82 28 294
82 29 258
82 30 341
82 31 346
82 32 381
82 33 397
82 34 417
82 35 496
82 36 63
82 37 150
82 38 219
82 39 240
82 40 237
82 41 252
82 42 276
82 43 356
82 44 216
82 45 254
82 46 335
82 47 422
82 48 143
82 49 182
82 50 191
82 51 143
82 52 152
82 53 219
82 54 68
82 55 98
82 56 103
82 57 138
82 58 176
82 59 195
82 60 224
82 61 259
82 62 307
82 63 259
82 64 217
82 65 228
82 66 229
82 67 324
82 68 307
82 69 197
82 70 282
82 71 377
82 72 208
82 73 253
82 74 295
82 75 358
82 76 457
82 77 552
82 78 337
82 79 211
82 80 263
82 81 145
82 82 0
82 83 37
82 84 112
82 85 182
82 86 241
82 87 325
82 88 298
82 89 302
82 90 144
82 91 118
82 92 193
82 93 159
82 94 165
82 95 238
82 96 162
82 97 177
82 98 230
82 99 135
82 100 206
83 1 375
83 2 413
83 3 237
83 4 303
83 5 371
83 6 422
83 7 430
83 8 458
83 9 548
83 10 417
83 11 408
83 12 403
83 13 478
83 14 353
83 15 443
83 16 487
83 17 557
83 18 622
83 19 302
83 20 342
83 21 421
83 22 342
83 23 412
83 24 374
83 25 428
83 26 267
83 27 317
83 28 360
83 29 383
83 30 466
83 31 471
83 32 506
83 33 522
83 34 542
83 35 621
83 36 349
83 37 436
83 38 505
83 39 526
83 40 390
83 41 405
83 42 429
83 43 509
83 44 368
83 45 406
83 46 325
83 47 412
83 48 295
83 49 334
83 50 343
83 51 382
83 52 384
83 53 451
83 54 354
83 55 384
83 56 389
83 57 424
83 58 462
83 59 434
83 60 431
83 61 474
83 62 522
83 63 545
83 64 369
83 65 380
83 66 382
83 67 477
83 68 459
83 69 459
83 70 544
83 71 639
83 72 470
83 73 482
83 74 527
83 75 419
83 76 518
83 77 613
83 78 569
83 79 443
83 80 495
83 81 297
83 82 386
83 83 0
83 84 75
83 85 145
83 86 204
83 87 288
83 88 369
83 89 373
83 90 383
83 91 81
83 92 156
83 93 185
83 94 191
83 95 264
83 96 355
83 97 328
83 98 381
83 99 287
83 100 358
84 1 300
84 2 338
84 3 162
84 4 228
84 5 296
84 6 347
84 7 355
84 8 383
84 9 473
84 10 342
84 11 333
84 12 328
84 13 403
84 14 278
84 15 368
84 16 412
84 17 482
84 18 547
84 19 227
84 20 267
84 21 346
84 22 267
84 23 337
84 24 299
84 25 353
84 26 192
84 27 242
84 28 285
84 29 308
84 30 391
84 31 396
84 32 431
84 33 447
84 34 467
84 35 546
84 36 274
84 37 361
84 38 430
84 39 451
84 40 315
84 41 330
84 42 354
84 43 434
84 44 293
84 45 331
84 46 250
84 47 337
84 48 220
84 49 259
84 50 268
84 51 307
84 52 309
84 53 376
84 54 279
84 55 309
84 56 314
84 57 349
84 58 387
84 59 359
84 60 356
84 61 399
84 62 447
84 63 470
84 64 294
84 65 305
84 66 307
84 67 402
84 68 384
84 69 384
84 70 469
84 71 564
84 72 395
84 73 407
84 74 452
84 75 344
84 76 443
84 77 538
84 78 494
84 79 368
84 80 420
84 81 222
84 82 311
84 83 229
84 84 0
84 85 70
84 86 129
84 87 213
84 88 294
84 89 298
84 90 308
84 91 6
84 92 81
84 93 110
84 94 116
84 95 189
84 96 280
84 97 253
84 98 306
84 99 212
84 100 283
85 1 409
85 2 447
85 3 326
85 4 392
85 5 344
85 6 395
85 7 344
85 8 372
85 9 462
85 10 434
85 11 482
85 12 409
85 13 484
85 14 359
85 15 320
85 16 364
85 17 434
85 18 499
85 19 157
85 20 197
85 21 276
85 22 197
85 23 267
85 24 229
85 25 283
85 26 356
85 27 406
85 28 449
85 29 458
85 30 541
85 31 546
85 32 581
85 33 470
85 34 490
85 35 569
85 36 438
85 37 525
85 38 594
85 39 615
85 40 324
85 41 304
85 42 328
85 43 408
85 44 341
85 45 379
85 46 180
85 47 267
85 48 301
85 49 305
85 50 314
85 51 353
85 52 239
85 53 306
85 54 371
85 55 401
85 56 406
85 57 384
85 58 422
85 59 378
85 60 407
85 61 445
85 62 493
85 63 552
85 64 375
85 65 386
85 66 316
85 67 411
85 68 432
85 69 383
85 70 468
85 71 563
85 72 394
85 73 337
85 74 382
85 75 274
85 76 373
85 77 468
85 78 424
85 79 298
85 80 350
85 81 303
85 82 392
85 83 159
85 84 234
85 85 0
85 86 59
85 87 143
85 88 224
85 89 228
85 90 327
85 91 240
85 92 245
85 93 274
85 94 280
85 95 353
85 96 249
85 97 183
85 98 236
85 99 321
85 100 392
86 1 350
86 2 388
86 3 267
86 4 333
86 5 285
86 6 336
86 7 285
86 8 313
86 9 403
86 10 375
86 11 423
86 12 350
86 13 425
86 14 300
86 15 261
86 16 305
86 17 375
86 18 440
86 19 98
86 20 138
86 21 217
86 22 138
86 23 208
86 24 170
86 25 224
86 26 297
86 27 347
86 28 390
86 29 399
86 30 482
86 31 487
86 32 522
86 33 411
86 34 431
86 35 510
86 36 379
86 37 466
86 38 535
86 39 556
86 40 265
86 41 245
86 42 269
86 43 349
86 44 282
86 45 320
86 46 121
86 47 208
86 48 242
86 49 246
86 50 255
86 51 294
86 52 180
86 53 247
86 54 312
86 55 342
86 56 347
86 57 325
86 58 363
86 59 319
86 60 348
86 61 386
86 62 434
86 63 493
86 64 316
86 65 327
86 66 257
86 67 352
86 68 373
86 69 324
86 70 409
86 71 504
86 72 335
86 73 278
86 74 323
86 75 215
86 76 314
86 77 409
86 78 365
86 79 239
86 80 291
86 81 244
86 82 333
86 83 100
86 84 175
86 85 245
86 86 0
86 87 84
86 88 165
86 89 169
86 90 268
86 91 181
86 92 186
86 93 215
86 94 221
86 95 294
86 96 190
86 97 124
86 98 177
86 99 262
86 100 333
87 1 266
87 2 304
87 3 183
87 4 249
87 5 201
87 6 252
87 7 201
87 8 229
87 9 319
87 10 291
87 11 339
87 12 266
87 13 341
87 14 216
87 15 177
87 16 221
87 17 291
87 18 356
87 19 14
87 20 54
87 21 133
87 22 54
87 23 124
87 24 86
87 25 140
87 26 213
87 27 263
87 28 306
87 29 315
87 30 398
87 31 403
87 32 438
87 33 327
87 34 347
87 35 426
87 36 295
87 37 382
87 38 451
87 39 472
87 40 181
87 41 161
87 42 185
87 43 265
87 44 198
87 45 236
87 46 37
87 47 124
87 48 158
87 49 162
87 50 171
87 51 210
87 52 96
87 53 163
87 54 228
87 55 258
87 56 263
87 57 241
87 58 279
87 59 235
87 60 264
87 61 302
87 62 350
87 63 409
87 64 232
87 65 243
87 66 173
87 67 268
87 68 289
87 69 240
87 70 325
87 71 420
87 72 251
87 73 194
87 74 239
87 75 131
87 76 230
87 77 325
87 78 281
87 79 155
87 80 207
87 81 160
87 82 249
87 83 16
87 84 91
87 85 161
87 86 157
87 87 0
87 88 81
87 89 85
87 90 184
87 91 97
87 92 102
87 93 131
87 94 137
87 95 210
87 96 106
87 97 40
87 98 93
87 99 178
87 100 249
88 1 401
88 2 439
88 3 309
88 4 375
88 5 397
88 6 448
88 7 262
88 8 227
88 9 317
88 10 309
88 11 300
88 12 397
88 13 472
88 14 379
88 15 238
88 16 282
88 17 352
88 18 417
88 19 349
88 20 389
88 21 468
88 22 309
88 23 379
88 24 5
88 25 59
88 26 159
88 27 209
88 28 252
88 29 275
88 30 358
88 31 363
88 32 398
88 33 411
88 34 431
88 35 510
88 36 241
88 37 328
88 38 397
88 39 418
88 40 308
88 41 245
88 42 269
88 43 349
88 44 394
88 45 349
88 46 430
88 47 517
88 48 321
88 49 360
88 50 369
88 51 321
88 52 330
88 53 397
88 54 246
88 55 276
88 56 281
88 57 316
88 58 354
88 59 154
88 60 183
88 61 226
88 62 274
88 63 333
88 64 287
88 65 298
88 66 300
88 67 395
88 68 417
88 69 301
88 70 386
88 71 481
88 72 312
88 73 357
88 74 453
88 75 516
88 76 615
88 77 710
88 78 495
88 79 389
88 80 441
88 81 215
88 82 304
88 83 341
88 84 416
88 85 486
88 86 412
88 87 496
88 88 0
88 89 4
88 90 103
88 91 196
88 92 271
88 93 300
88 94 280
88 95 353
88 96 280
88 97 295
88 98 348
88 99 313
88 100 384
89 1 398
89 2 436
89 3 306
89 4 372
89 5 394
89 6 445
89 7 258
89 8 223
89 9 313
89 10 306
89 11 297
89 12 394
89 13 469
89 14 376
89 15 234
89 16 278
89 17 348
89 18 413
89 19 346
89 20 386
89 21 465
89 22 305
89 23 375
89 24 383
89 25 437
89 26 378
89 27 206
89 28 249
89 29 272
89 30 355
89 31 360
89 32 395
89 33 407
89 34 427
89 35 506
89 36 238
89 37 325
89 38 394
89 39 415
89 40 305
89 41 241
89 42 265
89 43 345
89 44 391
89 45 345
89 46 426
89 47 513
89 48 318
89 49 357
89 50 366
89 51 318
89 52 327
89 53 394
89 54 243
89 55 273
89 56 278
89 57 313
89 58 351
89 59 150
89 60 179
89 61 222
89 62 270
89 63 329
89 64 284
89 65 295
89 66 297
89 67 392
89 68 414
89 69 297
89 70 382
89 71 477
89 72 308
89 73 353
89 74 449
89 75 512
89 76 611
89 77 706
89 78 491
89 79 386
89 80 438
89 81 212
89 82 301
89 83 338
89 84 413
89 85 483
89 86 408
89 87 492
89 88 452
89 89 0
89 90 99
89 91 192
89 92 267
89 93 296
89 94 276
89 95 349
89 96 276
89 97 291
89 98 344
89 99 310
89 100 381
90 1 299
90 2 337
90 3 207
90 4 273
90 5 295
90 6 346
90 7 159
90 8 124
90 9 214
90 10 207
90 11 198
90 12 295
90 13 370
90 14 277
90 15 135
90 16 179
90 17 249
90 18 314
90 19 247
90 20 287
90 21 366
90 22 206
90 23 276
90 24 284
90 25 338
90 26 279
90 27 107
90 28 150
90 29 173
90 30 256
90 31 261
90 32 296
90 33 308
90 34 328
90 35 407
90 36 139
90 37 226
90 38 295
90 39 316
90 40 206
90 41 142
90 42 166
90 43 246
90 44 292
90 45 246
90 46 327
90 47 414
90 48 219
90 49 258
90 50 267
90 51 219
90 52 228
90 53 295
90 54 144
90 55 174
90 56 179
90 57 214
90 58 252
90 59 51
90 60 80
90 61 123
90 62 171
90 63 230
90 64 185
90 65 196
90 66 198
90 67 293
90 68 315
90 69 198
90 70 283
90 71 378
90 72 209
90 73 254
90 74 350
90 75 413
90 76 512
90 77 607
90 78 392
90 79 287
90 80 339
90 81 113
90 82 202
90 83 239
90 84 314
90 85 384
90 86 309
90 87 393
90 88 353
90 89 357
90 90 0
90 91 93
90 92 168
90 93 197
90 94 177
90 95 250
90 96 177
90 97 192
90 98 245
90 99 211
90 100 282
91 1 294
91 2 332
91 3 156
91 4 222
91 5 290
91 6 341
91 7 349
91 8 377
91 9 467
91 10 336
91 11 327
91 12 322
91 13 397
91 14 272
91 15 362
91 16 406
91 17 476
91 18 541
91 19 376
91 20 416
91 21 495
91 22 303
91 23 373
91 24 381
91 25 435
91 26 186
91 27 236
91 28 279
91 29 302
91 30 385
91 31 390
91 32 425
91 33 441
91 34 461
91 35 540
91 36 268
91 37 355
91 38 424
91 39 445
91 40 309
91 41 324
91 42 348
91 43 428
91 44 287
91 45 325
91 46 406
91 47 493
91 48 214
91 49 253
91 50 262
91 51 301
91 52 310
91 53 377
91 54 273
91 55 303
91 56 308
91 57 343
91 58 381
91 59 353
91 60 350
91 61 393
91 62 441
91 63 464
91 64 288
91 65 299
91 66 301
91 67 396
91 68 378
91 69 378
91 70 463
91 71 558
91 72 389
91 73 434
91 74 453
91 75 500
91 76 599
91 77 694
91 78 495
91 79 369
91 80 421
91 81 216
91 82 305
91 83 342
91 84 417
91 85 487
91 86 406
91 87 490
91 88 456
91 89 460
91 90 302
91 91 0
91 92 75
91 93 104
91 94 110
91 95 183
91 96 274
91 97 289
91 98 342
91 99 206
91 100 277
92 1 219
92 2 257
92 3 81
92 4 147
92 5 215
92 6 266
92 7 274
92 8 302
92 9 392
92 10 261
92 11 252
92 12 247
92 13 322
92 14 197
92 15 287
92 16 331
92 17 401
92 18 466
92 19 301
92 20 341
92 21 420
92 22 228
92 23 298
92 24 306
92 25 360
92 26 111
92 27 161
92 28 204
92 29 227
92 30 310
92 31 315
92 32 350
92 33 366
92 34 386
92 35 465
92 36 193
92 37 280
92 38 349
92 39 370
92 40 234
92 41 249
92 42 273
92 43 353
92 44 212
92 45 250
92 46 331
92 47 418
92 48 139
92 49 178
92 50 187
92 51 226
92 52 235
92 53 302
92 54 198
92 55 228
92 56 233
92 57 268
92 58 306
92 59 278
92 60 275
92 61 318
92 62 366
92 63 389
92 64 213
92 65 224
92 66 226
92 67 321
92 68 303
92 69 303
92 70 388
92 71 483
92 72 314
92 73 359
92 74 378
92 75 425
92 76 524
92 77 619
92 78 420
92 79 294
92 80 346
92 81 141
92 82 230
92 83 267
92 84 342
92 85 412
92 86 331
92 87 415
92 88 381
92 89 385
92 90 227
92 91 320
92 92 0
92 93 29
92 94 35
92 95 108
92 96 199
92 97 214
92 98 267
92 99 131
92 100 202
93 1 190
93 2 228
93 3 52
93 4 118
93 5 186
93 6 237
93 7 245
93 8 273
93 9 363
93 10 232
93 11 223
93 12 218
93 13 293
93 14 168
93 15 258
93 16 302
93 17 372
93 18 437
93 19 272
93 20 312
93 21 391
93 22 199
93 23 269
93 24 277
93 25 331
93 26 82
93 27 132
93 28 175
93 29 198
93 30 281
93 31 286
93 32 321
93 33 337
93 34 357
93 35 436
93 36 164
93 37 251
93 38 320
93 39 341
93 40 205
93 41 220
93 42 244
93 43 324
93 44 183
93 45 221
93 46 302
93 47 389
93 48 110
93 49 149
93 50 158
93 51 197
93 52 206
93 53 273
93 54 169
93 55 199
93 56 204
93 57 239
93 58 277
93 59 249
93 60 246
93 61 289
93 62 337
93 63 360
93 64 184
93 65 195
93 66 197
93 67 292
93 68 274
93 69 274
93 70 359
93 71 454
93 72 285
93 73 330
93 74 349
93 75 396
93 76 495
93 77 590
93 78 391
93 79 265
93 80 317
93 81 112
93 82 201
93 83 238
93 84 313
93 85 383
93 86 302
93 87 386
93 88 352
93 89 356
93 90 198
93 91 291
93 92 247
93 93 0
93 94 6
93 95 79
93 96 170
93 97 185
93 98 238
93 99 102
93 100 173
94 1 184
94 2 222
94 3 46
94 4 112
94 5 180
94 6 231
94 7 276
94 8 304
94 9 394
94 10 312
94 11 317
94 12 212
94 13 287
94 14 162
94 15 252
94 16 296
94 17 366
94 18 431
94 19 366
94 20 406
94 21 485
94 22 193
94 23 263
94 24 271
94 25 325
94 26 202
94 27 252
94 28 295
94 29 318
94 30 401
94 31 406
94 32 441
94 33 380
94 34 400
94 35 479
94 36 258
94 37 345
94 38 414
94 39 435
94 40 199
94 41 214
94 42 238
94 43 318
94 44 177
94 45 215
94 46 296
94 47 383
94 48 104
94 49 143
94 50 152
94 51 191
94 52 200
94 53 267
94 54 263
94 55 293
94 56 298
94 57 259
94 58 297
94 59 243
94 60 240
94 61 283
94 62 331
94 63 390
94 64 178
94 65 189
94 66 191
94 67 286
94 68 268
94 69 268
94 70 353
94 71 448
94 72 279
94 73 324
94 74 343
94 75 390
94 76 489
94 77 584
94 78 385
94 79 259
94 80 311
94 81 106
94 82 195
94 83 232
94 84 307
94 85 377
94 86 296
94 87 380
94 88 346
94 89 350
94 90 192
94 91 285
94 92 241
94 93 120
94 94 0
94 95 73
94 96 164
94 97 179
94 98 232
94 99 96
94 100 167
95 1 332
95 2 370
95 3 249
95 4 315
95 5 328
95 6 379
95 7 267
95 8 295
95 9 385
95 10 357
95 11 405
95 12 360
95 13 435
95 14 310
95 15 243
95 16 287
95 17 357
95 18 422
95 19 321
95 20 361
95 21 440
95 22 120
95 23 190
95 24 198
95 25 252
95 26 279
95 27 329
95 28 372
95 29 381
95 30 464
95 31 469
95 32 504
95 33 393
95 34 413
95 35 492
95 36 361
95 37 448
95 38 517
95 39 538
95 40 247
95 41 227
95 42 251
95 43 331
95 44 325
95 45 331
95 46 344
95 47 431
95 48 252
95 49 228
95 50 237
95 51 276
95 52 162
95 53 229
95 54 294
95 55 324
95 56 329
95 57 307
95 58 345
95 59 328
95 60 336
95 61 368
95 62 416
95 63 475
95 64 326
95 65 337
95 66 239
95 67 334
95 68 356
95 69 306
95 70 391
95 71 486
95 72 317
95 73 362
95 74 305
95 75 368
95 76 467
95 77 562
95 78 347
95 79 221
95 80 273
95 81 254
95 82 343
95 83 323
95 84 398
95 85 468
95 86 223
95 87 307
95 88 308
95 89 312
95 90 277
95 91 370
95 92 168
95 93 197
95 94 203
95 95 0
95 96 91
95 97 106
95 98 159
95 99 244
95 100 315
96 1 241
96 2 279
96 3 158
96 4 224
96 5 237
96 6 288
96 7 176
96 8 204
96 9 294
96 10 266
96 11 314
96 12 269
96 13 344
96 14 219
96 15 152
96 16 196
96 17 266
96 18 331
96 19 230
96 20 270
96 21 349
96 22 29
96 23 99
96 24 107
96 25 161
96 26 188
96 27 238
96 28 281
96 29 290
96 30 373
96 31 378
96 32 413
96 33 302
96 34 322
96 35 401
96 36 270
96 37 357
96 38 426
96 39 447
96 40 156
96 41 136
96 42 160
96 43 240
96 44 234
96 45 240
96 46 253
96 47 340
96 48 161
96 49 137
96 50 146
96 51 185
96 52 71
96 53 138
96 54 203
96 55 233
96 56 238
96 57 216
96 58 254
96 59 237
96 60 245
96 61 277
96 62 325
96 63 384
96 64 235
96 65 246
96 66 148
96 67 243
96 68 265
96 69 215
96 70 300
96 71 395
96 72 226
96 73 271
96 74 214
96 75 277
96 76 376
96 77 471
96 78 256
96 79 130
96 80 182
96 81 163
96 82 252
96 83 232
96 84 307
96 85 377
96 86 132
96 87 216
96 88 217
96 89 221
96 90 186
96 91 279
96 92 77
96 93 106
96 94 112
96 95 185
96 96 0
96 97 15
96 98 68
96 99 153
96 100 224
97 1 226
97 2 264
97 3 143
97 4 209
97 5 222
97 6 273
97 7 161
97 8 189
97 9 279
97 10 251
97 11 299
97 12 254
97 13 329
97 14 204
97 15 137
97 16 181
97 17 251
97 18 316
97 19 215
97 20 255
97 21 334
97 22 14
97 23 84
97 24 92
97 25 146
97 26 173
97 27 223
97 28 266
97 29 275
97 30 358
97 31 363
97 32 398
97 33 287
97 34 307
97 35 386
97 36 255
97 37 342
97 38 411
97 39 432
97 40 141
97 41 121
97 42 145
97 43 225
97 44 219
97 45 225
97 46 238
97 47 325
97 48 146
97 49 122
97 50 131
97 51 170
97 52 56
97 53 123
97 54 188
97 55 218
97 56 223
97 57 201
97 58 239
97 59 222
97 60 230
97 61 262
97 62 310
97 63 369
97 64 220
97 65 231
97 66 133
97 67 228
97 68 250
97 69 200
97 70 285
97 71 380
97 72 211
97 73 256
97 74 199
97 75 262
97 76 361
97 77 456
97 78 241
97 79 115
97 80 167
97 81 148
97 82 237
97 83 217
97 84 292
97 85 362
97 86 117
97 87 201
97 88 202
97 89 206
97 90 171
97 91 264
97 92 62
97 93 91
97 94 97
97 95 170
97 96 66
97 97 0
97 98 53
97 99 138
97 100 209
98 1 173
98 2 211
98 3 161
98 4 227
98 5 169
98 6 220
98 7 265
98 8 293
98 9 383
98 10 212
98 11 260
98 12 201
98 13 276
98 14 151
98 15 241
98 16 285
98 17 355
98 18 420
98 19 309
98 20 349
98 21 428
98 22 228
98 23 298
98 24 306
98 25 341
98 26 191
98 27 241
98 28 284
98 29 307
98 30 390
98 31 395
98 32 430
98 33 234
98 34 254
98 35 333
98 36 247
98 37 334
98 38 403
98 39 424
98 40 188
98 41 68
98 42 92
98 43 172
98 44 166
98 45 172
98 46 253
98 47 340
98 48 93
98 49 132
98 50 141
98 51 180
98 52 189
98 53 256
98 54 252
98 55 282
98 56 287
98 57 248
98 58 286
98 59 232
98 60 229
98 61 272
98 62 320
98 63 379
98 64 167
98 65 178
98 66 180
98 67 275
98 68 257
98 69 257
98 70 342
98 71 437
98 72 268
98 73 313
98 74 332
98 75 347
98 76 446
98 77 541
98 78 374
98 79 248
98 80 300
98 81 95
98 82 184
98 83 221
98 84 296
98 85 366
98 86 331
98 87 347
98 88 335
98 89 339
98 90 181
98 91 274
98 92 276
98 93 109
98 94 115
98 95 188
98 96 199
98 97 214
98 98 0
98 99 85
98 100 156
99 1 88
99 2 126
99 3 76
99 4 142
99 5 84
99 6 135
99 7 180
99 8 208
99 9 298
99 10 216
99 11 221
99 12 116
99 13 191
99 14 66
99 15 156
99 16 200
99 17 270
99 18 335
99 19 270
99 20 310
99 21 389
99 22 143
99 23 213
99 24 221
99 25 256
99 26 106
99 27 156
99 28 199
99 29 222
99 30 305
99 31 310
99 32 345
99 33 284
99 34 304
99 35 383
99 36 162
99 37 249
99 38 318
99 39 339
99 40 103
99 41 118
99 42 142
99 43 222
99 44 81
99 45 119
99 46 200
99 47 287
99 48 8
99 49 47
99 50 56
99 51 95
99 52 104
99 53 171
99 54 167
99 55 197
99 56 202
99 57 163
99 58 201
99 59 147
99 60 144
99 61 187
99 62 235
99 63 294
99 64 82
99 65 93
99 66 95
99 67 190
99 68 172
99 69 172
99 70 257
99 71 352
99 72 183
99 73 228
99 74 247
99 75 294
99 76 393
99 77 488
99 78 289
99 79 163
99 80 215
99 81 10
99 82 99
99 83 136
99 84 211
99 85 281
99 86 246
99 87 330
99 88 250
99 89 254
99 90 96
99 91 189
99 92 191
99 93 24
99 94 30
99 95 103
99 96 114
99 97 129
99 98 182
99 99 0
99 100 71
100 1 17
100 2 55
100 3 106
100 4 172
100 5 240
100 6 291
100 7 136
100 8 164
100 9 254
100 10 200
100 11 191
100 12 272
100 13 347
100 14 222
100 15 112
100 16 156
100 17 226
100 18 291
100 19 240
100 20 280
100 21 359
100 22 183
100 23 253
100 24 261
100 25 315
100 26 262
100 27 100
100 28 143
100 29 166
100 30 249
100 31 254
100 32 289
100 33 301
100 34 321
100 35 400
100 36 132
100 37 219
100 38 288
100 39 309
100 40 174
100 41 135
100 42 159
100 43 239
100 44 237
100 45 239
100 46 320
100 47 407
100 48 164
100 49 203
100 50 212
100 51 212
100 52 221
100 53 288
100 54 137
100 55 167
100 56 172
100 57 207
100 58 245
100 59 264
100 60 73
100 61 116
100 62 164
100 63 223
100 64 178
100 65 189
100 66 166
100 67 261
100 68 283
100 69 101
100 70 186
100 71 281
100 72 112
100 73 157
100 74 253
100 75 316
100 76 415
100 77 510
100 78 295
100 79 280
100 80 332
100 81 106
100 82 195
100 83 232
100 84 307
100 85 377
100 86 286
100 87 370
100 88 256
100 89 260
100 90 213
100 91 306
100 92 231
100 93 180
100 94 60
100 95 133
100 96 154
100 97 169
100 98 222
100 99 156
100 100 0
