100 200 5
1 1 0
1 2 30
1 3 76
1 4 77
1 5 105
1 6 136
1 7 113
1 8 152
1 9 166
1 10 250
1 11 309
1 12 319
1 13 264
1 14 152
1 15 161
1 16 261
1 17 191
1 18 261
1 19 355
1 20 377
1 21 391
1 22 332
1 23 414
1 24 469
1 25 471
1 26 503
1 27 104
1 28 199
1 29 6
1 30 65
1 31 156
1 32 229
1 33 122
1 34 162
1 35 250
1 36 344
1 37 313
1 38 334
1 39 423
1 40 338
1 41 401
1 42 267
1 43 313
1 44 337
1 45 335
1 46 395
1 47 199
1 48 249
1 49 199
1 50 192
1 51 276
1 52 183
1 53 218
1 54 286
1 55 326
1 56 363
1 57 102
1 58 131
1 59 169
1 60 179
1 61 211
1 62 278
1 63 219
1 64 271
1 65 284
1 66 323
1 67 335
1 68 354
1 69 207
1 70 70
1 71 135
1 72 137
1 73 145
1 74 241
1 75 284
1 76 323
1 77 384
1 78 323
1 79 331
1 80 296
1 81 327
1 82 385
1 83 241
1 84 320
1 85 242
1 86 270
1 87 316
1 88 340
1 89 403
1 90 277
1 91 291
1 92 343
1 93 407
1 94 214
1 95 279
1 96 330
1 97 405
1 98 302
1 99 194
1 100 243
2 1 280
2 2 0
2 3 46
2 4 47
2 5 75
2 6 106
2 7 83
2 8 122
2 9 136
2 10 220
2 11 279
2 12 289
2 13 234
2 14 122
2 15 131
2 16 231
2 17 301
2 18 331
2 19 425
2 20 447
2 21 452
2 22 342
2 23 424
2 24 479
2 25 481
2 26 513
2 27 74
2 28 169
2 29 198
2 30 257
2 31 348
2 32 199
2 33 92
2 34 132
2 35 220
2 36 314
2 37 283
2 38 304
2 39 393
2 40 308
2 41 371
2 42 237
2 43 283
2 44 307
2 45 305
2 46 365
2 47 339
2 48 228
2 49 169
2 50 162
2 51 246
2 52 153
2 53 188
2 54 256
2 55 296
2 56 333
2 57 242
2 58 271
2 59 309
2 60 225
2 61 257
2 62 324
2 63 189
2 64 241
2 65 260
2 66 299
2 67 311
2 68 324
2 69 177
2 70 250
2 71 315
2 72 317
2 73 308
2 74 404
2 75 294
2 76 312
2 77 373
2 78 293
2 79 301
2 80 266
2 81 297
2 82 355
2 83 211
2 84 290
2 85 212
2 86 240
2 87 286
2 88 310
2 89 373
2 90 247
2 91 261
2 92 313
2 93 377
2 94 184
2 95 249
2 96 300
2 97 375
2 98 281
2 99 164
2 100 213
3 1 234
3 2 264
3 3 0
3 4 1
3 5 29
3 6 60
3 7 37
3 8 76
3 9 90
3 10 174
3 11 233
3 12 243
3 13 188
3 14 76
3 15 85
3 16 185
3 17 255
3 18 285
3 19 379
3 20 401
3 21 406
3 22 296
3 23 378
3 24 433
3 25 435
3 26 467
3 27 28
3 28 123
3 29 152
3 30 211
3 31 302
3 32 153
3 33 46
3 34 86
3 35 174
3 36 268
3 37 237
3 38 258
3 39 347
3 40 262
3 41 325
3 42 191
3 43 237
3 44 261
3 45 259
3 46 319
3 47 293
3 48 182
3 49 123
3 50 116
3 51 200
3 52 107
3 53 142
3 54 210
3 55 250
3 56 287
3 57 196
3 58 225
3 59 263
3 60 179
3 61 211
3 62 278
3 63 143
3 64 195
3 65 214
3 66 253
3 67 265
3 68 278
3 69 131
3 70 204
3 71 269
3 72 271
3 73 262
3 74 358
3 75 248
3 76 266
3 77 327
3 78 247
3 79 255
3 80 220
3 81 251
3 82 309
3 83 165
3 84 244
3 85 166
3 86 194
3 87 240
3 88 264
3 89 327
3 90 201
3 91 215
3 92 267
3 93 331
3 94 138
3 95 203
3 96 254
3 97 329
3 98 235
3 99 118
3 100 167
4 1 233
4 2 263
4 3 166
4 4 0
4 5 28
4 6 59
4 7 36
4 8 75
4 9 89
4 10 173
4 11 232
4 12 242
4 13 187
4 14 75
4 15 84
4 16 184
4 17 254
4 18 284
4 19 378
4 20 400
4 21 405
4 22 295
4 23 377
4 24 432
4 25 434
4 26 466
4 27 27
4 28 122
4 29 151
4 30 210
4 31 301
4 32 152
4 33 45
4 34 85
4 35 173
4 36 267
4 37 236
4 38 257
4 39 346
4 40 261
4 41 324
4 42 190
4 43 236
4 44 260
4 45 258
4 46 318
4 47 292
4 48 181
4 49 122
4 50 115
4 51 199
4 52 106
4 53 141
4 54 209
4 55 249
4 56 286
4 57 195
4 58 224
4 59 262
4 60 178
4 61 210
4 62 277
4 63 142
4 64 194
4 65 213
4 66 252
4 67 264
4 68 277
4 69 130
4 70 203
4 71 268
4 72 270
4 73 261
4 74 357
4 75 247
4 76 265
4 77 326
4 78 246
4 79 254
4 80 219
4 81 250
4 82 308
4 83 164
4 84 243
4 85 165
4 86 193
4 87 239
4 88 263
4 89 326
4 90 200
4 91 214
4 92 266
4 93 330
4 94 137
4 95 202
4 96 253
4 97 328
4 98 234
4 99 117
4 100 166
5 1 205
5 2 235
5 3 138
5 4 139
5 5 0
5 6 31
5 7 8
5 8 47
5 9 61
5 10 145
5 11 204
5 12 214
5 13 242
5 14 214
5 15 223
5 16 299
5 17 226
5 18 256
5 19 350
5 20 372
5 21 377
5 22 360
5 23 442
5 24 497
5 25 499
5 26 531
5 27 166
5 28 261
5 29 211
5 30 270
5 31 361
5 32 124
5 33 174
5 34 214
5 35 302
5 36 396
5 37 208
5 38 229
5 39 318
5 40 233
5 41 296
5 42 245
5 43 291
5 44 315
5 45 313
5 46 373
5 47 347
5 48 153
5 49 246
5 50 254
5 51 255
5 52 78
5 53 113
5 54 181
5 55 221
5 56 258
5 57 250
5 58 279
5 59 256
5 60 266
5 61 298
5 62 365
5 63 114
5 64 166
5 65 185
5 66 224
5 67 236
5 68 322
5 69 269
5 70 275
5 71 340
5 72 342
5 73 316
5 74 412
5 75 312
5 76 330
5 77 391
5 78 311
5 79 319
5 80 348
5 81 222
5 82 280
5 83 136
5 84 215
5 85 274
5 86 216
5 87 262
5 88 286
5 89 349
5 90 309
5 91 279
5 92 331
5 93 395
5 94 246
5 95 174
5 96 225
5 97 300
5 98 206
5 99 89
5 100 138
6 1 266
6 2 296
6 3 199
6 4 200
6 5 228
6 6 0
6 7 69
6 8 108
6 9 122
6 10 206
6 11 265
6 12 275
6 13 303
6 14 275
6 15 284
6 16 360
6 17 287
6 18 317
6 19 411
6 20 433
6 21 438
6 22 373
6 23 455
6 24 510
6 25 512
6 26 544
6 27 227
6 28 322
6 29 272
6 30 331
6 31 422
6 32 185
6 33 235
6 34 275
6 35 363
6 36 457
6 37 269
6 38 290
6 39 379
6 40 294
6 41 357
6 42 306
6 43 352
6 44 376
6 45 374
6 46 434
6 47 408
6 48 214
6 49 307
6 50 315
6 51 224
6 52 139
6 53 174
6 54 242
6 55 282
6 56 319
6 57 311
6 58 340
6 59 317
6 60 327
6 61 359
6 62 426
6 63 83
6 64 135
6 65 154
6 66 193
6 67 205
6 68 291
6 69 330
6 70 336
6 71 401
6 72 403
6 73 377
6 74 473
6 75 325
6 76 343
6 77 404
6 78 324
6 79 332
6 80 390
6 81 283
6 82 341
6 83 197
6 84 276
6 85 335
6 86 277
6 87 323
6 88 347
6 89 410
6 90 278
6 91 292
6 92 344
6 93 408
6 94 215
6 95 235
6 96 286
6 97 361
6 98 267
6 99 150
6 100 199
7 1 197
7 2 227
7 3 130
7 4 131
7 5 159
7 6 190
7 7 0
7 8 39
7 9 53
7 10 137
7 11 196
7 12 206
7 13 234
7 14 206
7 15 215
7 16 291
7 17 218
7 18 248
7 19 342
7 20 364
7 21 369
7 22 352
7 23 434
7 24 489
7 25 491
7 26 523
7 27 158
7 28 253
7 29 203
7 30 262
7 31 353
7 32 116
7 33 166
7 34 206
7 35 294
7 36 388
7 37 200
7 38 221
7 39 310
7 40 225
7 41 288
7 42 237
7 43 283
7 44 307
7 45 305
7 46 365
7 47 339
7 48 145
7 49 238
7 50 246
7 51 330
7 52 70
7 53 105
7 54 173
7 55 213
7 56 250
7 57 242
7 58 271
7 59 248
7 60 258
7 61 290
7 62 357
7 63 273
7 64 325
7 65 344
7 66 373
7 67 385
7 68 324
7 69 261
7 70 267
7 71 332
7 72 334
7 73 308
7 74 404
7 75 304
7 76 322
7 77 383
7 78 303
7 79 311
7 80 340
7 81 214
7 82 272
7 83 128
7 84 207
7 85 266
7 86 208
7 87 254
7 88 278
7 89 341
7 90 321
7 91 271
7 92 323
7 93 387
7 94 258
7 95 166
7 96 217
7 97 292
7 98 198
7 99 81
7 100 130
8 1 158
8 2 188
8 3 91
8 4 92
8 5 120
8 6 151
8 7 128
8 8 0
8 9 14
8 10 98
8 11 157
8 12 167
8 13 195
8 14 167
8 15 176
8 16 252
8 17 179
8 18 209
8 19 303
8 20 325
8 21 330
8 22 313
8 23 395
8 24 450
8 25 452
8 26 484
8 27 119
8 28 214
8 29 164
8 30 223
8 31 314
8 32 77
8 33 127
8 34 167
8 35 255
8 36 349
8 37 161
8 38 182
8 39 271
8 40 186
8 41 249
8 42 198
8 43 244
8 44 268
8 45 266
8 46 326
8 47 300
8 48 106
8 49 199
8 50 207
8 51 291
8 52 31
8 53 66
8 54 134
8 55 174
8 56 211
8 57 203
8 58 232
8 59 209
8 60 219
8 61 251
8 62 318
8 63 234
8 64 286
8 65 305
8 66 334
8 67 346
8 68 285
8 69 222
8 70 228
8 71 293
8 72 295
8 73 269
8 74 365
8 75 265
8 76 283
8 77 344
8 78 264
8 79 272
8 80 301
8 81 175
8 82 233
8 83 89
8 84 168
8 85 227
8 86 169
8 87 215
8 88 239
8 89 302
8 90 282
8 91 232
8 92 284
8 93 348
8 94 219
8 95 127
8 96 178
8 97 253
8 98 159
8 99 42
8 100 91
9 1 165
9 2 195
9 3 77
9 4 78
9 5 106
9 6 137
9 7 114
9 8 153
9 9 0
9 10 84
9 11 143
9 12 153
9 13 181
9 14 153
9 15 162
9 16 238
9 17 278
9 18 195
9 19 289
9 20 311
9 21 316
9 22 343
9 23 425
9 24 480
9 25 482
9 26 514
9 27 105
9 28 200
9 29 171
9 30 230
9 31 321
9 32 63
9 33 113
9 34 153
9 35 241
9 36 335
9 37 147
9 38 168
9 39 257
9 40 304
9 41 367
9 42 184
9 43 230
9 44 254
9 45 252
9 46 312
9 47 286
9 48 92
9 49 185
9 50 193
9 51 277
9 52 184
9 53 219
9 54 287
9 55 262
9 56 299
9 57 189
9 58 218
9 59 256
9 60 246
9 61 278
9 62 345
9 63 220
9 64 272
9 65 291
9 66 330
9 67 342
9 68 271
9 69 208
9 70 235
9 71 300
9 72 302
9 73 255
9 74 351
9 75 295
9 76 333
9 77 394
9 78 314
9 79 322
9 80 287
9 81 161
9 82 219
9 83 75
9 84 154
9 85 213
9 86 241
9 87 287
9 88 311
9 89 374
9 90 268
9 91 282
9 92 334
9 93 346
9 94 205
9 95 215
9 96 266
9 97 341
9 98 145
9 99 28
9 100 77
10 1 162
10 2 192
10 3 238
10 4 212
10 5 240
10 6 271
10 7 214
10 8 174
10 9 188
10 10 0
10 11 59
10 12 69
10 13 97
10 14 160
10 15 169
10 16 154
10 17 194
10 18 111
10 19 205
10 20 227
10 21 232
10 22 259
10 23 341
10 24 396
10 25 398
10 26 430
10 27 216
10 28 311
10 29 168
10 30 176
10 31 267
10 32 251
10 33 240
10 34 280
10 35 368
10 36 462
10 37 63
10 38 84
10 39 173
10 40 220
10 41 283
10 42 100
10 43 146
10 44 170
10 45 168
10 46 228
10 47 202
10 48 252
10 49 317
10 50 200
10 51 284
10 52 205
10 53 240
10 54 308
10 55 178
10 56 215
10 57 105
10 58 134
10 59 172
10 60 182
10 61 214
10 62 281
10 63 347
10 64 399
10 65 287
10 66 326
10 67 338
10 68 187
10 69 185
10 70 181
10 71 246
10 72 248
10 73 171
10 74 267
10 75 211
10 76 250
10 77 311
10 78 257
10 79 250
10 80 308
10 81 77
10 82 135
10 83 148
10 84 227
10 85 134
10 86 162
10 87 208
10 88 232
10 89 295
10 90 376
10 91 225
10 92 275
10 93 262
10 94 332
10 95 131
10 96 182
10 97 257
10 98 305
10 99 216
10 100 265
11 1 103
11 2 133
11 3 179
11 4 153
11 5 181
11 6 212
11 7 155
11 8 115
11 9 129
11 10 213
11 11 0
11 12 10
11 13 38
11 14 101
11 15 110
11 16 95
11 17 135
11 18 52
11 19 146
11 20 168
11 21 173
11 22 200
11 23 282
11 24 337
11 25 339
11 26 371
11 27 157
11 28 252
11 29 109
11 30 117
11 31 208
11 32 192
11 33 181
11 34 221
11 35 309
11 36 403
11 37 4
11 38 25
11 39 114
11 40 161
11 41 224
11 42 41
11 43 87
11 44 111
11 45 109
11 46 169
11 47 143
11 48 193
11 49 258
11 50 141
11 51 225
11 52 146
11 53 181
11 54 249
11 55 119
11 56 156
11 57 46
11 58 75
11 59 113
11 60 123
11 61 155
11 62 222
11 63 288
11 64 340
11 65 228
11 66 267
11 67 279
11 68 128
11 69 126
11 70 122
11 71 187
11 72 189
11 73 112
11 74 208
11 75 152
11 76 191
11 77 252
11 78 198
11 79 191
11 80 249
11 81 18
11 82 76
11 83 89
11 84 168
11 85 75
11 86 103
11 87 149
11 88 173
11 89 236
11 90 317
11 91 166
11 92 216
11 93 203
11 94 273
11 95 72
11 96 123
11 97 198
11 98 246
11 99 157
11 100 206
12 1 263
12 2 293
12 3 196
12 4 143
12 5 171
12 6 202
12 7 179
12 8 105
12 9 119
12 10 203
12 11 262
12 12 0
12 13 28
12 14 91
12 15 100
12 16 200
12 17 125
12 18 195
12 19 289
12 20 311
12 21 325
12 22 237
12 23 319
12 24 374
12 25 376
12 26 408
12 27 147
12 28 242
12 29 269
12 30 263
12 31 354
12 32 182
12 33 171
12 34 211
12 35 299
12 36 393
12 37 266
12 38 268
12 39 357
12 40 291
12 41 354
12 42 31
12 43 77
12 44 101
12 45 99
12 46 159
12 47 133
12 48 183
12 49 248
12 50 131
12 51 215
12 52 136
12 53 171
12 54 239
12 55 279
12 56 316
12 57 36
12 58 65
12 59 103
12 60 113
12 61 145
12 62 212
12 63 278
12 64 330
12 65 218
12 66 257
12 67 269
12 68 118
12 69 116
12 70 189
12 71 254
12 72 256
12 73 102
12 74 198
12 75 189
12 76 207
12 77 268
12 78 188
12 79 196
12 80 254
12 81 280
12 82 338
12 83 194
12 84 273
12 85 65
12 86 93
12 87 139
12 88 163
12 89 226
12 90 307
12 91 156
12 92 208
12 93 272
12 94 263
12 95 232
12 96 283
12 97 358
12 98 236
12 99 147
12 100 196
13 1 235
13 2 265
13 3 168
13 4 115
13 5 143
13 6 174
13 7 151
13 8 77
13 9 91
13 10 175
13 11 234
13 12 129
13 13 0
13 14 63
13 15 72
13 16 172
13 17 97
13 18 167
13 19 261
13 20 283
13 21 297
13 22 209
13 23 291
13 24 346
13 25 348
13 26 380
13 27 119
13 28 214
13 29 241
13 30 235
13 31 326
13 32 154
13 33 143
13 34 183
13 35 271
13 36 365
13 37 238
13 38 240
13 39 329
13 40 263
13 41 326
13 42 3
13 43 49
13 44 73
13 45 71
13 46 131
13 47 105
13 48 155
13 49 220
13 50 103
13 51 187
13 52 108
13 53 143
13 54 211
13 55 251
13 56 288
13 57 8
13 58 37
13 59 75
13 60 85
13 61 117
13 62 184
13 63 250
13 64 302
13 65 190
13 66 229
13 67 241
13 68 90
13 69 88
13 70 161
13 71 226
13 72 228
13 73 74
13 74 170
13 75 161
13 76 179
13 77 240
13 78 160
13 79 168
13 80 226
13 81 252
13 82 310
13 83 166
13 84 245
13 85 37
13 86 65
13 87 111
13 88 135
13 89 198
13 90 279
13 91 128
13 92 180
13 93 244
13 94 235
13 95 204
13 96 255
13 97 330
13 98 208
13 99 119
13 100 168
14 1 267
14 2 297
14 3 262
14 4 227
14 5 255
14 6 286
14 7 263
14 8 189
14 9 203
14 10 287
14 11 346
14 12 241
14 13 112
14 14 0
14 15 9
14 16 109
14 17 207
14 18 277
14 19 371
14 20 393
14 21 407
14 22 262
14 23 344
14 24 399
14 25 401
14 26 433
14 27 56
14 28 151
14 29 180
14 30 202
14 31 293
14 32 266
14 33 196
14 34 236
14 35 324
14 36 418
14 37 350
14 38 352
14 39 441
14 40 345
14 41 408
14 42 115
14 43 161
14 44 185
14 45 183
14 46 243
14 47 217
14 48 267
14 49 273
14 50 40
14 51 124
14 52 140
14 53 225
14 54 293
14 55 283
14 56 320
14 57 120
14 58 149
14 59 187
14 60 197
14 61 229
14 62 296
14 63 362
14 64 414
14 65 302
14 66 341
14 67 353
14 68 202
14 69 55
14 70 128
14 71 193
14 72 195
14 73 186
14 74 282
14 75 214
14 76 232
14 77 293
14 78 213
14 79 205
14 80 263
14 81 354
14 82 412
14 83 278
14 84 357
14 85 90
14 86 118
14 87 164
14 88 188
14 89 251
14 90 332
14 91 181
14 92 233
14 93 297
14 94 288
14 95 236
14 96 287
14 97 362
14 98 320
14 99 231
14 100 280
15 1 258
15 2 288
15 3 253
15 4 235
15 5 263
15 6 294
15 7 271
15 8 284
15 9 298
15 10 382
15 11 441
15 12 336
15 13 207
15 14 95
15 15 0
15 16 100
15 17 198
15 18 268
15 19 362
15 20 384
15 21 398
15 22 357
15 23 439
15 24 494
15 25 496
15 26 528
15 27 47
15 28 142
15 29 171
15 30 193
15 31 284
15 32 361
15 33 280
15 34 320
15 35 408
15 36 502
15 37 445
15 38 447
15 39 536
15 40 336
15 41 399
15 42 210
15 43 256
15 44 280
15 45 278
15 46 338
15 47 312
15 48 362
15 49 357
15 50 31
15 51 115
15 52 131
15 53 216
15 54 284
15 55 274
15 56 311
15 57 215
15 58 244
15 59 282
15 60 292
15 61 324
15 62 391
15 63 366
15 64 418
15 65 397
15 66 434
15 67 446
15 68 297
15 69 46
15 70 119
15 71 184
15 72 186
15 73 194
15 74 290
15 75 309
15 76 327
15 77 388
15 78 308
15 79 196
15 80 254
15 81 345
15 82 403
15 83 373
15 84 452
15 85 185
15 86 213
15 87 259
15 88 283
15 89 346
15 90 427
15 91 276
15 92 328
15 93 392
15 94 372
15 95 227
15 96 278
15 97 353
15 98 410
15 99 326
15 100 375
16 1 330
16 2 360
16 3 153
16 4 154
16 5 182
16 6 213
16 7 190
16 8 229
16 9 243
16 10 327
16 11 386
16 12 396
16 13 341
16 14 229
16 15 238
16 16 0
16 17 98
16 18 168
16 19 262
16 20 284
16 21 298
16 22 316
16 23 398
16 24 453
16 25 455
16 26 487
16 27 181
16 28 276
16 29 305
16 30 344
16 31 435
16 32 306
16 33 199
16 34 239
16 35 327
16 36 421
16 37 390
16 38 411
16 39 500
16 40 415
16 41 478
16 42 344
16 43 390
16 44 414
16 45 412
16 46 472
16 47 446
16 48 335
16 49 276
16 50 269
16 51 353
16 52 260
16 53 295
16 54 363
16 55 346
16 56 383
16 57 349
16 58 378
16 59 416
16 60 315
16 61 347
16 62 414
16 63 296
16 64 348
16 65 367
16 66 406
16 67 418
16 68 431
16 69 284
16 70 349
16 71 414
16 72 416
16 73 415
16 74 511
16 75 268
16 76 289
16 77 350
16 78 270
16 79 96
16 80 154
16 81 245
16 82 303
16 83 316
16 84 395
16 85 319
16 86 347
16 87 393
16 88 417
16 89 480
16 90 354
16 91 238
16 92 290
16 93 319
16 94 291
16 95 299
16 96 350
16 97 425
16 98 388
16 99 271
16 100 320
17 1 319
17 2 349
17 3 303
17 4 304
17 5 332
17 6 363
17 7 173
17 8 212
17 9 226
17 10 310
17 11 369
17 12 379
17 13 394
17 14 282
17 15 291
17 16 391
17 17 0
17 18 70
17 19 164
17 20 186
17 21 200
17 22 218
17 23 300
17 24 355
17 25 357
17 26 389
17 27 303
17 28 398
17 29 325
17 30 333
17 31 424
17 32 289
17 33 339
17 34 379
17 35 467
17 36 561
17 37 373
17 38 372
17 39 461
17 40 398
17 41 461
17 42 397
17 43 443
17 44 467
17 45 465
17 46 525
17 47 467
17 48 318
17 49 411
17 50 322
17 51 406
17 52 229
17 53 278
17 54 346
17 55 335
17 56 372
17 57 370
17 58 399
17 59 418
17 60 217
17 61 249
17 62 316
17 63 382
17 64 434
17 65 322
17 66 361
17 67 373
17 68 459
17 69 337
17 70 338
17 71 403
17 72 405
17 73 413
17 74 509
17 75 170
17 76 209
17 77 270
17 78 360
17 79 368
17 80 426
17 81 234
17 82 292
17 83 301
17 84 380
17 85 372
17 86 381
17 87 427
17 88 451
17 89 514
17 90 359
17 91 373
17 92 234
17 93 221
17 94 296
17 95 288
17 96 339
17 97 414
17 98 371
17 99 254
17 100 303
18 1 249
18 2 279
18 3 233
18 4 234
18 5 262
18 6 293
18 7 103
18 8 142
18 9 156
18 10 240
18 11 299
18 12 309
18 13 324
18 14 212
18 15 221
18 16 321
18 17 321
18 18 0
18 19 94
18 20 116
18 21 130
18 22 148
18 23 230
18 24 285
18 25 287
18 26 319
18 27 233
18 28 328
18 29 255
18 30 263
18 31 354
18 32 219
18 33 269
18 34 309
18 35 397
18 36 491
18 37 303
18 38 302
18 39 391
18 40 328
18 41 391
18 42 327
18 43 373
18 44 397
18 45 395
18 46 455
18 47 397
18 48 248
18 49 341
18 50 252
18 51 336
18 52 159
18 53 208
18 54 276
18 55 265
18 56 302
18 57 300
18 58 329
18 59 348
18 60 147
18 61 179
18 62 246
18 63 312
18 64 364
18 65 252
18 66 291
18 67 303
18 68 389
18 69 267
18 70 268
18 71 333
18 72 335
18 73 343
18 74 439
18 75 100
18 76 139
18 77 200
18 78 290
18 79 298
18 80 356
18 81 164
18 82 222
18 83 231
18 84 310
18 85 302
18 86 311
18 87 357
18 88 381
18 89 444
18 90 289
18 91 303
18 92 164
18 93 151
18 94 226
18 95 218
18 96 269
18 97 344
18 98 301
18 99 184
18 100 233
19 1 155
19 2 185
19 3 139
19 4 140
19 5 168
19 6 199
19 7 9
19 8 48
19 9 62
19 10 146
19 11 205
19 12 215
19 13 230
19 14 118
19 15 127
19 16 227
19 17 227
19 18 235
19 19 0
19 20 22
19 21 36
19 22 123
19 23 205
19 24 260
19 25 262
19 26 294
19 27 139
19 28 234
19 29 161
19 30 169
19 31 260
19 32 125
19 33 175
19 34 215
19 35 303
19 36 397
19 37 209
19 38 208
19 39 297
19 40 234
19 41 297
19 42 233
19 43 279
19 44 303
19 45 301
19 46 361
19 47 303
19 48 154
19 49 247
19 50 158
19 51 242
19 52 79
19 53 114
19 54 182
19 55 171
19 56 208
19 57 206
19 58 235
19 59 257
19 60 53
19 61 85
19 62 152
19 63 218
19 64 270
19 65 158
19 66 197
19 67 209
19 68 295
19 69 173
19 70 174
19 71 239
19 72 241
19 73 249
19 74 345
19 75 242
19 76 260
19 77 321
19 78 241
19 79 249
19 80 307
19 81 70
19 82 128
19 83 137
19 84 216
19 85 208
19 86 217
19 87 263
19 88 287
19 89 350
19 90 195
19 91 209
19 92 70
19 93 57
19 94 132
19 95 124
19 96 175
19 97 250
19 98 207
19 99 90
19 100 139
20 1 133
20 2 163
20 3 169
20 4 170
20 5 198
20 6 229
20 7 39
20 8 78
20 9 92
20 10 176
20 11 235
20 12 245
20 13 208
20 14 96
20 15 105
20 16 205
20 17 257
20 18 265
20 19 30
20 20 0
20 21 14
20 22 101
20 23 183
20 24 238
20 25 240
20 26 272
20 27 152
20 28 247
20 29 139
20 30 147
20 31 238
20 32 155
20 33 205
20 34 245
20 35 333
20 36 427
20 37 239
20 38 238
20 39 327
20 40 264
20 41 327
20 42 211
20 43 257
20 44 281
20 45 279
20 46 339
20 47 281
20 48 184
20 49 277
20 50 136
20 51 220
20 52 109
20 53 144
20 54 212
20 55 149
20 56 186
20 57 184
20 58 213
20 59 251
20 60 83
20 61 115
20 62 182
20 63 248
20 64 300
20 65 188
20 66 227
20 67 239
20 68 298
20 69 151
20 70 152
20 71 217
20 72 219
20 73 227
20 74 323
20 75 220
20 76 238
20 77 299
20 78 219
20 79 227
20 80 285
20 81 48
20 82 106
20 83 119
20 84 198
20 85 186
20 86 214
20 87 260
20 88 284
20 89 347
20 90 173
20 91 187
20 92 100
20 93 35
20 94 110
20 95 102
20 96 153
20 97 228
20 98 237
20 99 120
20 100 169
21 1 119
21 2 149
21 3 195
21 4 196
21 5 224
21 6 255
21 7 232
21 8 271
21 9 285
21 10 369
21 11 428
21 12 323
21 13 194
21 14 82
21 15 91
21 16 191
21 17 259
21 18 329
21 19 423
21 20 445
21 21 0
21 22 87
21 23 169
21 24 224
21 25 226
21 26 258
21 27 138
21 28 233
21 29 125
21 30 133
21 31 224
21 32 280
21 33 241
21 34 281
21 35 369
21 36 463
21 37 432
21 38 402
21 39 491
21 40 303
21 41 366
21 42 197
21 43 243
21 44 267
21 45 265
21 46 325
21 47 267
21 48 317
21 49 318
21 50 122
21 51 206
21 52 98
21 53 183
21 54 251
21 55 135
21 56 172
21 57 170
21 58 199
21 59 237
21 60 247
21 61 279
21 62 346
21 63 306
21 64 358
21 65 352
21 66 295
21 67 307
21 68 284
21 69 137
21 70 138
21 71 203
21 72 205
21 73 213
21 74 309
21 75 296
21 76 314
21 77 375
21 78 295
21 79 287
21 80 345
21 81 34
21 82 92
21 83 105
21 84 184
21 85 172
21 86 200
21 87 246
21 88 270
21 89 333
21 90 396
21 91 263
21 92 315
21 93 379
21 94 333
21 95 88
21 96 139
21 97 214
21 98 271
21 99 245
21 100 294
22 1 138
22 2 168
22 3 207
22 4 208
22 5 236
22 6 267
22 7 244
22 8 283
22 9 297
22 10 381
22 11 440
22 12 415
22 13 380
22 14 283
22 15 292
22 16 392
22 17 209
22 18 279
22 19 373
22 20 395
22 21 409
22 22 0
22 23 82
22 24 137
22 25 139
22 26 171
22 27 235
22 28 330
22 29 144
22 30 203
22 31 294
22 32 193
22 33 243
22 34 283
22 35 371
22 36 465
22 37 444
22 38 365
22 39 454
22 40 216
22 41 279
22 42 324
22 43 370
22 44 359
22 45 392
22 46 452
22 47 314
22 48 364
22 49 320
22 50 323
22 51 407
22 52 11
22 53 96
22 54 164
22 55 154
22 56 191
22 57 217
22 58 246
22 59 200
22 60 210
22 61 242
22 62 309
22 63 350
22 64 402
22 65 315
22 66 314
22 67 326
22 68 411
22 69 338
22 70 208
22 71 273
22 72 275
22 73 283
22 74 379
22 75 295
22 76 313
22 77 374
22 78 294
22 79 302
22 80 360
22 81 443
22 82 501
22 83 372
22 84 451
22 85 358
22 86 199
22 87 245
22 88 269
22 89 332
22 90 398
22 91 262
22 92 314
22 93 378
22 94 335
22 95 107
22 96 158
22 97 233
22 98 290
22 99 158
22 100 207
23 1 213
23 2 243
23 3 125
23 4 126
23 5 154
23 6 185
23 7 162
23 8 201
23 9 215
23 10 299
23 11 358
23 12 368
23 13 313
23 14 201
23 15 210
23 16 310
23 17 294
23 18 310
23 19 404
23 20 426
23 21 431
23 22 411
23 23 0
23 24 55
23 25 57
23 26 89
23 27 153
23 28 248
23 29 109
23 30 168
23 31 259
23 32 111
23 33 161
23 34 201
23 35 289
23 36 383
23 37 362
23 38 283
23 39 372
23 40 367
23 41 430
23 42 316
23 43 362
23 44 386
23 45 384
23 46 444
23 47 302
23 48 307
23 49 238
23 50 241
23 51 325
23 52 162
23 53 247
23 54 315
23 55 305
23 56 342
23 57 205
23 58 234
23 59 118
23 60 128
23 61 160
23 62 227
23 63 268
23 64 320
23 65 233
23 66 272
23 67 284
23 68 370
23 69 256
23 70 173
23 71 238
23 72 240
23 73 248
23 74 344
23 75 363
23 76 381
23 77 442
23 78 362
23 79 370
23 80 335
23 81 376
23 82 434
23 83 290
23 84 369
23 85 291
23 86 319
23 87 365
23 88 389
23 89 452
23 90 316
23 91 330
23 92 382
23 93 446
23 94 253
23 95 258
23 96 309
23 97 384
23 98 360
23 99 76
23 100 125
24 1 158
24 2 188
24 3 70
24 4 71
24 5 99
24 6 130
24 7 107
24 8 146
24 9 160
24 10 244
24 11 303
24 12 313
24 13 258
24 14 146
24 15 155
24 16 255
24 17 239
24 18 255
24 19 349
24 20 371
24 21 376
24 22 356
24 23 438
24 24 0
24 25 2
24 26 34
24 27 98
24 28 193
24 29 54
24 30 113
24 31 204
24 32 56
24 33 106
24 34 146
24 35 234
24 36 328
24 37 307
24 38 228
24 39 317
24 40 312
24 41 375
24 42 261
24 43 307
24 44 331
24 45 329
24 46 389
24 47 247
24 48 252
24 49 183
24 50 186
24 51 270
24 52 107
24 53 192
24 54 260
24 55 250
24 56 287
24 57 150
24 58 179
24 59 63
24 60 73
24 61 105
24 62 172
24 63 213
24 64 265
24 65 178
24 66 217
24 67 229
24 68 315
24 69 201
24 70 118
24 71 183
24 72 185
24 73 193
24 74 289
24 75 308
24 76 326
24 77 387
24 78 307
24 79 315
24 80 280
24 81 321
24 82 379
24 83 235
24 84 314
24 85 236
24 86 264
24 87 310
24 88 334
24 89 397
24 90 261
24 91 275
24 92 327
24 93 391
24 94 198
24 95 203
24 96 254
24 97 329
24 98 305
24 99 21
24 100 70
25 1 156
25 2 186
25 3 68
25 4 69
25 5 97
25 6 128
25 7 105
25 8 144
25 9 158
25 10 242
25 11 301
25 12 311
25 13 256
25 14 144
25 15 153
25 16 253
25 17 237
25 18 307
25 19 401
25 20 423
25 21 437
25 22 354
25 23 436
25 24 491
25 25 0
25 26 32
25 27 96
25 28 191
25 29 52
25 30 111
25 31 202
25 32 54
25 33 104
25 34 144
25 35 232
25 36 326
25 37 305
25 38 326
25 39 415
25 40 330
25 41 393
25 42 259
25 43 305
25 44 329
25 45 327
25 46 387
25 47 245
25 48 250
25 49 181
25 50 184
25 51 268
25 52 175
25 53 210
25 54 278
25 55 314
25 56 351
25 57 148
25 58 177
25 59 215
25 60 225
25 61 257
25 62 324
25 63 211
25 64 263
25 65 282
25 66 321
25 67 333
25 68 346
25 69 199
25 70 116
25 71 181
25 72 183
25 73 191
25 74 287
25 75 306
25 76 324
25 77 385
25 78 305
25 79 313
25 80 278
25 81 319
25 82 377
25 83 233
25 84 312
25 85 234
25 86 262
25 87 308
25 88 332
25 89 395
25 90 259
25 91 273
25 92 325
25 93 389
25 94 196
25 95 267
25 96 318
25 97 393
25 98 303
25 99 19
25 100 68
26 1 270
26 2 300
26 3 340
26 4 200
26 5 228
26 6 259
26 7 211
26 8 249
26 9 263
26 10 347
26 11 406
26 12 366
26 13 237
26 14 125
26 15 134
26 16 234
26 17 205
26 18 275
26 19 369
26 20 391
26 21 405
26 22 326
26 23 408
26 24 463
26 25 465
26 26 0
26 27 77
26 28 172
26 29 20
26 30 79
26 31 170
26 32 26
26 33 76
26 34 116
26 35 204
26 36 298
26 37 358
26 38 348
26 39 437
26 40 425
26 41 488
26 42 240
26 43 286
26 44 310
26 45 308
26 46 368
26 47 213
26 48 263
26 49 153
26 50 165
26 51 249
26 52 227
26 53 305
26 54 373
26 55 286
26 56 323
26 57 116
26 58 145
26 59 183
26 60 193
26 61 225
26 62 292
26 63 252
26 64 304
26 65 298
26 66 337
26 67 349
26 68 327
26 69 180
26 70 84
26 71 149
26 72 151
26 73 159
26 74 255
26 75 278
26 76 296
26 77 357
26 78 277
26 79 285
26 80 250
26 81 341
26 82 399
26 83 338
26 84 417
26 85 215
26 86 243
26 87 289
26 88 313
26 89 376
26 90 231
26 91 245
26 92 297
26 93 361
26 94 168
26 95 239
26 96 290
26 97 365
26 98 316
26 99 291
26 100 340
27 1 315
27 2 345
27 3 310
27 4 275
27 5 303
27 6 334
27 7 311
27 8 237
27 9 251
27 10 335
27 11 394
27 12 289
27 13 160
27 14 48
27 15 57
27 16 157
27 17 255
27 18 325
27 19 419
27 20 441
27 21 455
27 22 310
27 23 392
27 24 447
27 25 449
27 26 481
27 27 0
27 28 95
27 29 124
27 30 183
27 31 274
27 32 314
27 33 244
27 34 284
27 35 372
27 36 466
27 37 398
27 38 400
27 39 489
27 40 393
27 41 456
27 42 163
27 43 209
27 44 233
27 45 231
27 46 291
27 47 265
27 48 315
27 49 321
27 50 88
27 51 172
27 52 188
27 53 273
27 54 341
27 55 331
27 56 368
27 57 168
27 58 197
27 59 235
27 60 245
27 61 277
27 62 344
27 63 356
27 64 408
27 65 350
27 66 389
27 67 401
27 68 250
27 69 103
27 70 176
27 71 241
27 72 243
27 73 234
27 74 330
27 75 262
27 76 280
27 77 341
27 78 261
27 79 253
27 80 311
27 81 402
27 82 460
27 83 326
27 84 405
27 85 138
27 86 166
27 87 212
27 88 236
27 89 299
27 90 380
27 91 229
27 92 281
27 93 345
27 94 336
27 95 284
27 96 335
27 97 410
27 98 368
27 99 279
27 100 328
28 1 363
28 2 393
28 3 375
28 4 209
28 5 237
28 6 268
28 7 245
28 8 284
28 9 298
28 10 382
28 11 441
28 12 451
28 13 396
28 14 284
28 15 293
28 16 393
28 17 214
28 18 284
28 19 378
28 20 400
28 21 414
28 22 355
28 23 437
28 24 492
28 25 494
28 26 526
28 27 236
28 28 0
28 29 29
28 30 88
28 31 179
28 32 268
28 33 254
28 34 294
28 35 382
28 36 476
28 37 445
28 38 357
28 39 446
28 40 434
28 41 497
28 42 399
28 43 445
28 44 469
28 45 467
28 46 527
28 47 222
28 48 272
28 49 331
28 50 324
28 51 402
28 52 236
28 53 314
28 54 382
28 55 379
28 56 416
28 57 125
28 58 154
28 59 192
28 60 202
28 61 234
28 62 301
28 63 261
28 64 313
28 65 307
28 66 346
28 67 358
28 68 444
28 69 232
28 70 93
28 71 158
28 72 160
28 73 168
28 74 264
28 75 307
28 76 346
28 77 407
28 78 455
28 79 463
28 80 428
28 81 448
28 82 506
28 83 373
28 84 452
28 85 374
28 86 402
28 87 448
28 88 472
28 89 535
28 90 409
28 91 423
28 92 448
28 93 435
28 94 346
28 95 332
28 96 383
28 97 458
28 98 325
28 99 326
28 100 375
29 1 334
29 2 364
29 3 346
29 4 180
29 5 208
29 6 239
29 7 216
29 8 255
29 9 269
29 10 353
29 11 412
29 12 422
29 13 367
29 14 255
29 15 264
29 16 364
29 17 185
29 18 255
29 19 349
29 20 371
29 21 385
29 22 326
29 23 408
29 24 463
29 25 465
29 26 497
29 27 207
29 28 302
29 29 0
29 30 59
29 31 150
29 32 239
29 33 225
29 34 265
29 35 353
29 36 447
29 37 416
29 38 328
29 39 417
29 40 405
29 41 468
29 42 370
29 43 416
29 44 440
29 45 438
29 46 498
29 47 193
29 48 243
29 49 302
29 50 295
29 51 373
29 52 207
29 53 285
29 54 353
29 55 350
29 56 387
29 57 96
29 58 125
29 59 163
29 60 173
29 61 205
29 62 272
29 63 232
29 64 284
29 65 278
29 66 317
29 67 329
29 68 415
29 69 203
29 70 64
29 71 129
29 72 131
29 73 139
29 74 235
29 75 278
29 76 317
29 77 378
29 78 426
29 79 434
29 80 399
29 81 419
29 82 477
29 83 344
29 84 423
29 85 345
29 86 373
29 87 419
29 88 443
29 89 506
29 90 380
29 91 394
29 92 419
29 93 406
29 94 317
29 95 303
29 96 354
29 97 429
29 98 296
29 99 297
29 100 346
30 1 275
30 2 305
30 3 287
30 4 121
30 5 149
30 6 180
30 7 157
30 8 196
30 9 210
30 10 294
30 11 353
30 12 363
30 13 308
30 14 196
30 15 205
30 16 305
30 17 126
30 18 196
30 19 290
30 20 312
30 21 326
30 22 267
30 23 349
30 24 404
30 25 406
30 26 438
30 27 148
30 28 243
30 29 272
30 30 0
30 31 91
30 32 180
30 33 166
30 34 206
30 35 294
30 36 388
30 37 357
30 38 269
30 39 358
30 40 346
30 41 409
30 42 311
30 43 357
30 44 381
30 45 379
30 46 439
30 47 134
30 48 184
30 49 243
30 50 236
30 51 314
30 52 148
30 53 226
30 54 294
30 55 291
30 56 328
30 57 37
30 58 66
30 59 104
30 60 114
30 61 146
30 62 213
30 63 173
30 64 225
30 65 219
30 66 258
30 67 270
30 68 356
30 69 144
30 70 5
30 71 70
30 72 72
30 73 80
30 74 176
30 75 219
30 76 258
30 77 319
30 78 367
30 79 375
30 80 340
30 81 360
30 82 418
30 83 285
30 84 364
30 85 286
30 86 314
30 87 360
30 88 384
30 89 447
30 90 321
30 91 335
30 92 360
30 93 347
30 94 258
30 95 244
30 96 295
30 97 370
30 98 237
30 99 238
30 100 287
31 1 316
31 2 346
31 3 388
31 4 242
31 5 270
31 6 301
31 7 274
31 8 312
31 9 326
31 10 410
31 11 469
31 12 479
31 13 414
31 14 302
31 15 311
31 16 411
31 17 326
31 18 396
31 19 490
31 20 512
31 21 526
31 22 372
31 23 454
31 24 509
31 25 511
31 26 543
31 27 254
31 28 349
31 29 322
31 30 200
31 31 0
31 32 89
31 33 139
31 34 179
31 35 267
31 36 361
31 37 421
31 38 427
31 39 516
31 40 444
31 41 507
31 42 417
31 43 463
31 44 487
31 45 485
31 46 545
31 47 334
31 48 384
31 49 216
31 50 238
31 51 223
31 52 239
31 53 324
31 54 392
31 55 332
31 56 369
31 57 237
31 58 266
31 59 304
31 60 272
31 61 304
31 62 371
31 63 82
31 64 134
31 65 153
31 66 192
31 67 204
31 68 290
31 69 53
31 70 126
31 71 191
31 72 193
31 73 201
31 74 297
31 75 324
31 76 342
31 77 403
31 78 323
31 79 331
31 80 313
31 81 404
31 82 462
31 83 401
31 84 480
31 85 392
31 86 420
31 87 466
31 88 490
31 89 553
31 90 277
31 91 291
31 92 343
31 93 407
31 94 214
31 95 285
31 96 336
31 97 411
31 98 437
31 99 354
31 100 403
32 1 244
32 2 274
32 3 314
32 4 315
32 5 314
32 6 345
32 7 185
32 8 223
32 9 237
32 10 321
32 11 380
32 12 390
32 13 325
32 14 213
32 15 222
32 16 322
32 17 402
32 18 365
32 19 459
32 20 481
32 21 486
32 22 300
32 23 382
32 24 437
32 25 439
32 26 471
32 27 165
32 28 260
32 29 250
32 30 309
32 31 400
32 32 0
32 33 50
32 34 90
32 35 178
32 36 272
32 37 332
32 38 338
32 39 427
32 40 409
32 41 472
32 42 328
32 43 374
32 44 398
32 45 396
32 46 456
32 47 420
32 48 329
32 49 127
32 50 149
32 51 233
32 52 217
32 53 289
32 54 357
32 55 260
32 56 297
32 57 323
32 58 352
32 59 390
32 60 183
32 61 215
32 62 282
32 63 348
32 64 400
32 65 288
32 66 327
32 67 339
32 68 415
32 69 268
32 70 314
32 71 379
32 72 381
32 73 389
32 74 485
32 75 252
32 76 270
32 77 331
32 78 251
32 79 259
32 80 224
32 81 315
32 82 373
32 83 312
32 84 391
32 85 303
32 86 331
32 87 377
32 88 401
32 89 464
32 90 205
32 91 219
32 92 271
32 93 335
32 94 142
32 95 213
32 96 264
32 97 339
32 98 382
32 99 265
32 100 314
33 1 194
33 2 224
33 3 264
33 4 265
33 5 264
33 6 295
33 7 135
33 8 173
33 9 187
33 10 271
33 11 330
33 12 340
33 13 275
33 14 163
33 15 172
33 16 272
33 17 352
33 18 315
33 19 409
33 20 431
33 21 436
33 22 250
33 23 332
33 24 387
33 25 389
33 26 421
33 27 115
33 28 210
33 29 200
33 30 259
33 31 350
33 32 250
33 33 0
33 34 40
33 35 128
33 36 222
33 37 282
33 38 288
33 39 377
33 40 359
33 41 422
33 42 278
33 43 324
33 44 348
33 45 346
33 46 406
33 47 370
33 48 279
33 49 77
33 50 99
33 51 183
33 52 167
33 53 239
33 54 307
33 55 210
33 56 247
33 57 273
33 58 302
33 59 340
33 60 133
33 61 165
33 62 232
33 63 298
33 64 350
33 65 238
33 66 277
33 67 289
33 68 365
33 69 218
33 70 264
33 71 329
33 72 331
33 73 339
33 74 435
33 75 202
33 76 220
33 77 281
33 78 201
33 79 209
33 80 174
33 81 265
33 82 323
33 83 262
33 84 341
33 85 253
33 86 281
33 87 327
33 88 351
33 89 414
33 90 155
33 91 169
33 92 221
33 93 285
33 94 92
33 95 163
33 96 214
33 97 289
33 98 332
33 99 215
33 100 264
34 1 154
34 2 184
34 3 225
34 4 226
34 5 224
34 6 255
34 7 95
34 8 134
34 9 148
34 10 232
34 11 291
34 12 301
34 13 329
34 14 227
34 15 236
34 16 318
34 17 313
34 18 275
34 19 369
34 20 391
34 21 396
34 22 210
34 23 292
34 24 347
34 25 349
34 26 381
34 27 179
34 28 274
34 29 160
34 30 219
34 31 310
34 32 211
34 33 261
34 34 0
34 35 88
34 36 182
34 37 242
34 38 248
34 39 337
34 40 320
34 41 383
34 42 332
34 43 378
34 44 402
34 45 400
34 46 460
34 47 330
34 48 240
34 49 333
34 50 267
34 51 351
34 52 127
34 53 200
34 54 268
34 55 170
34 56 207
34 57 233
34 58 262
34 59 300
34 60 93
34 61 125
34 62 192
34 63 258
34 64 310
34 65 198
34 66 237
34 67 249
34 68 335
34 69 282
34 70 224
34 71 289
34 72 291
34 73 299
34 74 395
34 75 162
34 76 180
34 77 241
34 78 161
34 79 169
34 80 134
34 81 225
34 82 283
34 83 223
34 84 302
34 85 317
34 86 303
34 87 349
34 88 373
34 89 436
34 90 115
34 91 129
34 92 181
34 93 245
34 94 52
34 95 123
34 96 174
34 97 249
34 98 293
34 99 176
34 100 225
35 1 166
35 2 196
35 3 137
35 4 138
35 5 136
35 6 167
35 7 7
35 8 46
35 9 60
35 10 144
35 11 203
35 12 213
35 13 241
35 14 139
35 15 148
35 16 230
35 17 225
35 18 187
35 19 281
35 20 303
35 21 308
35 22 211
35 23 293
35 24 348
35 25 350
35 26 382
35 27 91
35 28 186
35 29 172
35 30 231
35 31 322
35 32 123
35 33 173
35 34 213
35 35 0
35 36 94
35 37 154
35 38 160
35 39 249
35 40 232
35 41 295
35 42 244
35 43 290
35 44 314
35 45 312
35 46 372
35 47 342
35 48 152
35 49 245
35 50 179
35 51 263
35 52 39
35 53 112
35 54 180
35 55 182
35 56 219
35 57 245
35 58 274
35 59 255
35 60 5
35 61 37
35 62 104
35 63 170
35 64 222
35 65 110
35 66 149
35 67 161
35 68 247
35 69 194
35 70 236
35 71 301
35 72 303
35 73 311
35 74 407
35 75 163
35 76 181
35 77 242
35 78 162
35 79 170
35 80 46
35 81 137
35 82 195
35 83 135
35 84 214
35 85 229
35 86 215
35 87 261
35 88 285
35 89 348
35 90 234
35 91 130
35 92 182
35 93 246
35 94 171
35 95 135
35 96 186
35 97 261
35 98 205
35 99 88
35 100 137
36 1 159
36 2 189
36 3 235
36 4 236
36 5 264
36 6 295
36 7 211
36 8 250
36 9 264
36 10 348
36 11 407
36 12 416
36 13 305
36 14 311
36 15 320
36 16 151
36 17 249
36 18 108
36 19 202
36 20 224
36 21 229
36 22 256
36 23 338
36 24 393
36 25 395
36 26 427
36 27 263
36 28 358
36 29 165
36 30 173
36 31 264
36 32 327
36 33 281
36 34 321
36 35 409
36 36 0
36 37 60
36 38 81
36 39 170
36 40 217
36 41 280
36 42 308
36 43 354
36 44 360
36 45 376
36 46 436
36 47 307
36 48 356
36 49 358
36 50 351
36 51 435
36 52 267
36 53 316
36 54 384
36 55 175
36 56 212
36 57 210
36 58 239
36 59 277
36 60 255
36 61 287
36 62 354
36 63 346
36 64 398
36 65 360
36 66 335
36 67 347
36 68 395
36 69 317
36 70 178
36 71 243
36 72 245
36 73 253
36 74 349
36 75 208
36 76 247
36 77 308
36 78 398
36 79 247
36 80 305
36 81 74
36 82 132
36 83 145
36 84 224
36 85 283
36 86 311
36 87 357
36 88 381
36 89 444
36 90 397
36 91 374
36 92 272
36 93 259
36 94 334
36 95 128
36 96 179
36 97 254
36 98 311
36 99 292
36 100 341
37 1 99
37 2 129
37 3 175
37 4 176
37 5 204
37 6 235
37 7 151
37 8 190
37 9 204
37 10 288
37 11 347
37 12 356
37 13 245
37 14 251
37 15 260
37 16 91
37 17 189
37 18 48
37 19 142
37 20 164
37 21 169
37 22 196
37 23 278
37 24 333
37 25 335
37 26 367
37 27 203
37 28 298
37 29 105
37 30 113
37 31 204
37 32 267
37 33 221
37 34 261
37 35 349
37 36 443
37 37 0
37 38 21
37 39 110
37 40 157
37 41 220
37 42 248
37 43 294
37 44 300
37 45 316
37 46 376
37 47 247
37 48 296
37 49 298
37 50 291
37 51 375
37 52 207
37 53 256
37 54 324
37 55 115
37 56 152
37 57 150
37 58 179
37 59 217
37 60 195
37 61 227
37 62 294
37 63 286
37 64 338
37 65 300
37 66 275
37 67 287
37 68 335
37 69 257
37 70 118
37 71 183
37 72 185
37 73 193
37 74 289
37 75 148
37 76 187
37 77 248
37 78 338
37 79 187
37 80 245
37 81 14
37 82 72
37 83 85
37 84 164
37 85 223
37 86 251
37 87 297
37 88 321
37 89 384
37 90 337
37 91 314
37 92 212
37 93 199
37 94 274
37 95 68
37 96 119
37 97 194
37 98 251
37 99 232
37 100 281
38 1 267
38 2 297
38 3 223
38 4 224
38 5 252
38 6 283
38 7 130
38 8 169
38 9 183
38 10 267
38 11 326
38 12 335
38 13 300
38 14 230
38 15 239
38 16 70
38 17 168
38 18 27
38 19 121
38 20 143
38 21 148
38 22 175
38 23 257
38 24 312
38 25 314
38 26 346
38 27 251
38 28 346
38 29 273
38 30 281
38 31 372
38 32 246
38 33 269
38 34 309
38 35 397
38 36 491
38 37 330
38 38 0
38 39 89
38 40 136
38 41 199
38 42 244
38 43 290
38 44 279
38 45 312
38 46 372
38 47 346
38 48 275
38 49 346
38 50 270
38 51 354
38 52 186
38 53 235
38 54 303
38 55 283
38 56 320
38 57 249
38 58 278
38 59 316
38 60 174
38 61 206
38 62 273
38 63 339
38 64 391
38 65 279
38 66 318
38 67 330
38 68 331
38 69 285
38 70 286
38 71 351
38 72 353
38 73 315
38 74 411
38 75 127
38 76 166
38 77 227
38 78 317
38 79 166
38 80 224
38 81 182
38 82 240
38 83 253
38 84 332
38 85 278
38 86 306
38 87 352
38 88 376
38 89 439
38 90 316
38 91 308
38 92 191
38 93 178
38 94 253
38 95 236
38 96 287
38 97 362
38 98 328
38 99 211
38 100 260
39 1 178
39 2 208
39 3 254
39 4 255
39 5 283
39 6 314
39 7 291
39 8 288
39 9 302
39 10 386
39 11 445
39 12 246
39 13 211
39 14 141
39 15 150
39 16 250
39 17 249
39 18 319
39 19 413
39 20 435
39 21 59
39 22 146
39 23 228
39 24 283
39 25 285
39 26 317
39 27 197
39 28 292
39 29 184
39 30 192
39 31 283
39 32 339
39 33 295
39 34 335
39 35 423
39 36 517
39 37 449
39 38 392
39 39 0
39 40 47
39 41 110
39 42 155
39 43 201
39 44 190
39 45 223
39 46 283
39 47 257
39 48 307
39 49 372
39 50 181
39 51 265
39 52 157
39 53 242
39 54 310
39 55 194
39 56 231
39 57 160
39 58 189
39 59 227
39 60 237
39 61 269
39 62 336
39 63 365
39 64 417
39 65 342
39 66 354
39 67 366
39 68 242
39 69 196
39 70 197
39 71 262
39 72 264
39 73 226
39 74 322
39 75 313
39 76 89
39 77 150
39 78 240
39 79 248
39 80 306
39 81 93
39 82 151
39 83 164
39 84 243
39 85 189
39 86 217
39 87 263
39 88 287
39 89 350
39 90 431
39 91 280
39 92 332
39 93 396
39 94 387
39 95 147
39 96 198
39 97 273
39 98 330
39 99 304
39 100 353
40 1 351
40 2 381
40 3 321
40 4 220
40 5 248
40 6 279
40 7 256
40 8 241
40 9 255
40 10 339
40 11 398
40 12 199
40 13 164
40 14 227
40 15 236
40 16 336
40 17 202
40 18 272
40 19 366
40 20 388
40 21 402
40 22 314
40 23 396
40 24 451
40 25 453
40 26 485
40 27 247
40 28 342
40 29 357
40 30 340
40 31 431
40 32 318
40 33 248
40 34 288
40 35 376
40 36 470
40 37 402
40 38 345
40 39 434
40 40 0
40 41 63
40 42 108
40 43 154
40 44 143
40 45 176
40 46 236
40 47 210
40 48 260
40 49 325
40 50 267
40 51 351
40 52 224
40 53 307
40 54 375
40 55 367
40 56 404
40 57 113
40 58 142
40 59 180
40 60 190
40 61 222
40 62 289
40 63 355
40 64 407
40 65 295
40 66 334
40 67 346
40 68 195
40 69 193
40 70 266
40 71 331
40 72 333
40 73 179
40 74 275
40 75 266
40 76 105
40 77 166
40 78 256
40 79 264
40 80 322
40 81 413
40 82 471
40 83 330
40 84 409
40 85 142
40 86 170
40 87 216
40 88 240
40 89 303
40 90 384
40 91 233
40 92 285
40 93 349
40 94 340
40 95 320
40 96 371
40 97 446
40 98 313
40 99 283
40 100 332
41 1 288
41 2 318
41 3 258
41 4 157
41 5 185
41 6 216
41 7 193
41 8 178
41 9 192
41 10 276
41 11 335
41 12 136
41 13 101
41 14 164
41 15 173
41 16 273
41 17 139
41 18 209
41 19 303
41 20 325
41 21 339
41 22 251
41 23 333
41 24 388
41 25 390
41 26 422
41 27 184
41 28 279
41 29 294
41 30 277
41 31 368
41 32 255
41 33 185
41 34 225
41 35 313
41 36 407
41 37 339
41 38 282
41 39 371
41 40 364
41 41 0
41 42 45
41 43 91
41 44 80
41 45 113
41 46 173
41 47 147
41 48 197
41 49 262
41 50 204
41 51 288
41 52 161
41 53 244
41 54 312
41 55 304
41 56 341
41 57 50
41 58 79
41 59 117
41 60 127
41 61 159
41 62 226
41 63 292
41 64 344
41 65 232
41 66 271
41 67 283
41 68 132
41 69 130
41 70 203
41 71 268
41 72 270
41 73 116
41 74 212
41 75 203
41 76 42
41 77 103
41 78 193
41 79 201
41 80 259
41 81 350
41 82 408
41 83 267
41 84 346
41 85 79
41 86 107
41 87 153
41 88 177
41 89 240
41 90 321
41 91 170
41 92 222
41 93 286
41 94 277
41 95 257
41 96 308
41 97 383
41 98 250
41 99 220
41 100 269
42 1 243
42 2 273
42 3 222
42 4 112
42 5 140
42 6 171
42 7 148
42 8 133
42 9 147
42 10 231
42 11 290
42 12 126
42 13 56
42 14 119
42 15 128
42 16 228
42 17 94
42 18 164
42 19 258
42 20 280
42 21 294
42 22 206
42 23 288
42 24 343
42 25 345
42 26 377
42 27 139
42 28 234
42 29 249
42 30 232
42 31 323
42 32 210
42 33 140
42 34 180
42 35 268
42 36 362
42 37 294
42 38 237
42 39 326
42 40 319
42 41 382
42 42 0
42 43 46
42 44 70
42 45 68
42 46 128
42 47 102
42 48 152
42 49 217
42 50 159
42 51 243
42 52 116
42 53 199
42 54 267
42 55 259
42 56 296
42 57 5
42 58 34
42 59 72
42 60 82
42 61 114
42 62 181
42 63 247
42 64 299
42 65 187
42 66 226
42 67 238
42 68 87
42 69 85
42 70 158
42 71 223
42 72 225
42 73 71
42 74 167
42 75 158
42 76 176
42 77 237
42 78 157
42 79 165
42 80 223
42 81 308
42 82 366
42 83 222
42 84 301
42 85 34
42 86 62
42 87 108
42 88 132
42 89 195
42 90 276
42 91 125
42 92 177
42 93 241
42 94 232
42 95 212
42 96 263
42 97 338
42 98 205
42 99 175
42 100 224
43 1 305
43 2 335
43 3 276
43 4 148
43 5 176
43 6 207
43 7 184
43 8 185
43 9 199
43 10 283
43 11 342
43 12 80
43 13 108
43 14 171
43 15 180
43 16 280
43 17 205
43 18 275
43 19 369
43 20 391
43 21 405
43 22 317
43 23 399
43 24 454
43 25 456
43 26 488
43 27 175
43 28 270
43 29 299
43 30 339
43 31 430
43 32 262
43 33 193
43 34 233
43 35 321
43 36 415
43 37 346
43 38 299
43 39 388
43 40 371
43 41 434
43 42 111
43 43 0
43 44 24
43 45 101
43 46 161
43 47 206
43 48 256
43 49 270
43 50 211
43 51 295
43 52 178
43 53 251
43 54 319
43 55 321
43 56 358
43 57 116
43 58 145
43 59 134
43 60 144
43 61 176
43 62 243
43 63 290
43 64 342
43 65 249
43 66 288
43 67 300
43 68 120
43 69 192
43 70 265
43 71 330
43 72 332
43 73 182
43 74 278
43 75 269
43 76 287
43 77 348
43 78 268
43 79 276
43 80 334
43 81 360
43 82 418
43 83 274
43 84 353
43 85 145
43 86 173
43 87 219
43 88 243
43 89 306
43 90 348
43 91 236
43 92 288
43 93 352
43 94 285
43 95 274
43 96 325
43 97 400
43 98 309
43 99 227
43 100 276
44 1 281
44 2 311
44 3 252
44 4 124
44 5 152
44 6 183
44 7 160
44 8 161
44 9 175
44 10 259
44 11 318
44 12 56
44 13 84
44 14 147
44 15 156
44 16 256
44 17 181
44 18 251
44 19 345
44 20 367
44 21 381
44 22 293
44 23 375
44 24 430
44 25 432
44 26 464
44 27 151
44 28 246
44 29 275
44 30 315
44 31 406
44 32 238
44 33 169
44 34 209
44 35 297
44 36 391
44 37 322
44 38 275
44 39 364
44 40 347
44 41 410
44 42 87
44 43 133
44 44 0
44 45 77
44 46 137
44 47 182
44 48 232
44 49 246
44 50 187
44 51 271
44 52 154
44 53 227
44 54 295
44 55 297
44 56 334
44 57 92
44 58 121
44 59 110
44 60 120
44 61 152
44 62 219
44 63 266
44 64 318
44 65 225
44 66 264
44 67 276
44 68 96
44 69 168
44 70 241
44 71 306
44 72 308
44 73 158
44 74 254
44 75 245
44 76 263
44 77 324
44 78 244
44 79 252
44 80 310
44 81 336
44 82 394
44 83 250
44 84 329
44 85 121
44 86 149
44 87 195
44 88 219
44 89 282
44 90 324
44 91 212
44 92 264
44 93 328
44 94 261
44 95 250
44 96 301
44 97 376
44 98 285
44 99 203
44 100 252
45 1 204
45 2 234
45 3 213
45 4 47
45 5 75
45 6 106
45 7 83
45 8 122
45 9 136
45 10 220
45 11 279
45 12 289
45 13 234
45 14 122
45 15 131
45 16 231
45 17 275
45 18 225
45 19 319
45 20 341
45 21 346
45 22 342
45 23 424
45 24 479
45 25 481
45 26 513
45 27 74
45 28 169
45 29 198
45 30 238
45 31 329
45 32 199
45 33 92
45 34 132
45 35 220
45 36 314
45 37 283
45 38 198
45 39 287
45 40 282
45 41 345
45 42 237
45 43 283
45 44 307
45 45 0
45 46 60
45 47 105
45 48 155
45 49 169
45 50 162
45 51 246
45 52 77
45 53 162
45 54 230
45 55 220
45 56 257
45 57 242
45 58 271
45 59 33
45 60 43
45 61 75
45 62 142
45 63 189
45 64 241
45 65 148
45 66 187
45 67 199
45 68 19
45 69 91
45 70 164
45 71 229
45 72 231
45 73 239
45 74 335
45 75 294
45 76 312
45 77 373
45 78 293
45 79 301
45 80 266
45 81 297
45 82 355
45 83 211
45 84 290
45 85 212
45 86 240
45 87 286
45 88 310
45 89 373
45 90 247
45 91 261
45 92 313
45 93 376
45 94 184
45 95 173
45 96 224
45 97 299
45 98 208
45 99 164
45 100 213
46 1 316
46 2 346
46 3 228
46 4 229
46 5 257
46 6 288
46 7 265
46 8 284
46 9 298
46 10 382
46 11 441
46 12 451
46 13 386
46 14 274
46 15 283
46 16 383
46 17 463
46 18 493
46 19 587
46 20 609
46 21 614
46 22 514
46 23 596
46 24 651
46 25 653
46 26 685
46 27 226
46 28 321
46 29 322
46 30 381
46 31 472
46 32 214
46 33 264
46 34 304
46 35 392
46 36 486
46 37 445
46 38 466
46 39 555
46 40 470
46 41 533
46 42 389
46 43 435
46 44 459
46 45 457
46 46 0
46 47 45
46 48 95
46 49 188
46 50 210
46 51 294
46 52 310
46 53 350
46 54 418
46 55 453
46 56 490
46 57 394
46 58 423
46 59 461
46 60 397
46 61 429
46 62 496
46 63 371
46 64 423
46 65 442
46 66 481
46 67 493
46 68 476
46 69 329
46 70 386
46 71 451
46 72 453
46 73 460
46 74 556
46 75 466
46 76 484
46 77 545
46 78 465
46 79 473
46 80 438
46 81 459
46 82 517
46 83 373
46 84 452
46 85 364
46 86 392
46 87 438
46 88 462
46 89 525
46 90 419
46 91 433
46 92 485
46 93 549
46 94 356
46 95 406
46 96 457
46 97 532
46 98 148
46 99 179
46 100 228
47 1 271
47 2 301
47 3 183
47 4 184
47 5 212
47 6 243
47 7 220
47 8 239
47 9 253
47 10 337
47 11 396
47 12 406
47 13 341
47 14 229
47 15 238
47 16 338
47 17 418
47 18 448
47 19 542
47 20 564
47 21 569
47 22 469
47 23 551
47 24 606
47 25 608
47 26 640
47 27 181
47 28 276
47 29 277
47 30 336
47 31 427
47 32 169
47 33 219
47 34 259
47 35 347
47 36 441
47 37 400
47 38 421
47 39 510
47 40 425
47 41 488
47 42 344
47 43 390
47 44 414
47 45 412
47 46 472
47 47 0
47 48 50
47 49 143
47 50 165
47 51 249
47 52 265
47 53 305
47 54 373
47 55 408
47 56 445
47 57 349
47 58 378
47 59 416
47 60 352
47 61 384
47 62 451
47 63 326
47 64 378
47 65 397
47 66 436
47 67 448
47 68 431
47 69 284
47 70 341
47 71 406
47 72 408
47 73 415
47 74 511
47 75 421
47 76 439
47 77 500
47 78 420
47 79 428
47 80 393
47 81 414
47 82 472
47 83 328
47 84 407
47 85 319
47 86 347
47 87 393
47 88 417
47 89 480
47 90 374
47 91 388
47 92 440
47 93 504
47 94 311
47 95 361
47 96 412
47 97 487
47 98 103
47 99 134
47 100 183
48 1 221
48 2 251
48 3 133
48 4 134
48 5 162
48 6 193
48 7 170
48 8 189
48 9 203
48 10 287
48 11 346
48 12 356
48 13 291
48 14 179
48 15 188
48 16 288
48 17 368
48 18 398
48 19 492
48 20 514
48 21 519
48 22 419
48 23 501
48 24 556
48 25 558
48 26 590
48 27 131
48 28 226
48 29 227
48 30 286
48 31 377
48 32 119
48 33 169
48 34 209
48 35 297
48 36 391
48 37 350
48 38 371
48 39 460
48 40 375
48 41 438
48 42 294
48 43 340
48 44 364
48 45 362
48 46 422
48 47 396
48 48 0
48 49 93
48 50 115
48 51 199
48 52 215
48 53 255
48 54 323
48 55 358
48 56 395
48 57 299
48 58 328
48 59 366
48 60 302
48 61 334
48 62 401
48 63 276
48 64 328
48 65 347
48 66 386
48 67 398
48 68 381
48 69 234
48 70 291
48 71 356
48 72 358
48 73 365
48 74 461
48 75 371
48 76 389
48 77 450
48 78 370
48 79 378
48 80 343
48 81 364
48 82 422
48 83 278
48 84 357
48 85 269
48 86 297
48 87 343
48 88 367
48 89 430
48 90 324
48 91 338
48 92 390
48 93 454
48 94 261
48 95 311
48 96 362
48 97 437
48 98 53
48 99 84
48 100 133
49 1 249
49 2 279
49 3 187
49 4 188
49 5 216
49 6 247
49 7 224
49 8 96
49 9 110
49 10 194
49 11 253
49 12 263
49 13 198
49 14 86
49 15 95
49 16 195
49 17 275
49 18 305
49 19 399
49 20 421
49 21 426
49 22 348
49 23 430
49 24 485
49 25 487
49 26 519
49 27 38
49 28 133
49 29 162
49 30 221
49 31 312
49 32 173
49 33 223
49 34 263
49 35 351
49 36 445
49 37 257
49 38 278
49 39 367
49 40 282
49 41 345
49 42 201
49 43 247
49 44 271
49 45 269
49 46 329
49 47 303
49 48 202
49 49 0
49 50 22
49 51 106
49 52 122
49 53 162
49 54 230
49 55 265
49 56 302
49 57 206
49 58 235
49 59 273
49 60 283
49 61 315
49 62 382
49 63 330
49 64 382
49 65 388
49 66 425
49 67 437
49 68 288
49 69 141
49 70 214
49 71 279
49 72 281
49 73 272
49 74 368
49 75 300
49 76 318
49 77 379
49 78 299
49 79 291
49 80 349
49 81 271
49 82 329
49 83 185
49 84 264
49 85 176
49 86 204
49 87 250
49 88 274
49 89 337
49 90 378
49 91 267
49 92 319
49 93 383
49 94 315
49 95 218
49 96 269
49 97 344
49 98 255
49 99 138
49 100 187
50 1 227
50 2 257
50 3 303
50 4 291
50 5 319
50 6 350
50 7 327
50 8 253
50 9 267
50 10 351
50 11 410
50 12 305
50 13 176
50 14 64
50 15 73
50 16 173
50 17 271
50 18 341
50 19 435
50 20 457
50 21 471
50 22 326
50 23 408
50 24 463
50 25 465
50 26 497
50 27 16
50 28 111
50 29 140
50 30 199
50 31 290
50 32 330
50 33 260
50 34 300
50 35 388
50 36 482
50 37 414
50 38 416
50 39 505
50 40 305
50 41 368
50 42 179
50 43 225
50 44 249
50 45 247
50 46 307
50 47 281
50 48 331
50 49 337
50 50 0
50 51 84
50 52 100
50 53 185
50 54 253
50 55 243
50 56 280
50 57 184
50 58 213
50 59 251
50 60 261
50 61 293
50 62 360
50 63 372
50 64 424
50 65 366
50 66 403
50 67 415
50 68 266
50 69 119
50 70 192
50 71 257
50 72 259
50 73 250
50 74 346
50 75 278
50 76 296
50 77 357
50 78 277
50 79 269
50 80 327
50 81 418
50 82 476
50 83 342
50 84 421
50 85 154
50 86 182
50 87 228
50 88 252
50 89 315
50 90 396
50 91 245
50 92 297
50 93 361
50 94 352
50 95 196
50 96 247
50 97 322
50 98 379
50 99 295
50 100 344
51 1 143
51 2 173
51 3 219
51 4 220
51 5 248
51 6 279
51 7 256
51 8 295
51 9 309
51 10 393
51 11 452
51 12 420
51 13 385
51 14 295
51 15 304
51 16 404
51 17 214
51 18 284
51 19 378
51 20 400
51 21 414
51 22 348
51 23 430
51 24 485
51 25 487
51 26 519
51 27 247
51 28 342
51 29 149
51 30 208
51 31 299
51 32 361
51 33 265
51 34 305
51 35 393
51 36 487
51 37 456
51 38 409
51 39 498
51 40 221
51 41 284
51 42 329
51 43 375
51 44 364
51 45 397
51 46 457
51 47 319
51 48 369
51 49 342
51 50 335
51 51 0
51 52 16
51 53 101
51 54 169
51 55 159
51 56 196
51 57 222
51 58 251
51 59 244
51 60 254
51 61 286
51 62 353
51 63 362
51 64 414
51 65 359
51 66 319
51 67 331
51 68 416
51 69 350
51 70 213
51 71 278
51 72 280
51 73 288
51 74 384
51 75 300
51 76 318
51 77 379
51 78 299
51 79 307
51 80 365
51 81 448
51 82 506
51 83 384
51 84 463
51 85 363
51 86 204
51 87 250
51 88 274
51 89 337
51 90 418
51 91 267
51 92 319
51 93 383
51 94 357
51 95 112
51 96 163
51 97 238
51 98 295
51 99 326
51 100 375
52 1 127
52 2 157
52 3 203
52 4 204
52 5 232
52 6 263
52 7 240
52 8 279
52 9 293
52 10 377
52 11 436
52 12 404
52 13 369
52 14 279
52 15 288
52 16 388
52 17 198
52 18 268
52 19 362
52 20 384
52 21 398
52 22 332
52 23 414
52 24 469
52 25 471
52 26 503
52 27 231
52 28 326
52 29 133
52 30 192
52 31 283
52 32 345
52 33 249
52 34 289
52 35 377
52 36 471
52 37 440
52 38 393
52 39 482
52 40 205
52 41 268
52 42 313
52 43 359
52 44 348
52 45 381
52 46 441
52 47 303
52 48 353
52 49 326
52 50 319
52 51 403
52 52 0
52 53 85
52 54 153
52 55 143
52 56 180
52 57 206
52 58 235
52 59 228
52 60 238
52 61 270
52 62 337
52 63 346
52 64 398
52 65 343
52 66 303
52 67 315
52 68 400
52 69 334
52 70 197
52 71 262
52 72 264
52 73 272
52 74 368
52 75 284
52 76 302
52 77 363
52 78 283
52 79 291
52 80 349
52 81 432
52 82 490
52 83 368
52 84 447
52 85 347
52 86 188
52 87 234
52 88 258
52 89 321
52 90 402
52 91 251
52 92 303
52 93 367
52 94 341
52 95 96
52 96 147
52 97 222
52 98 279
52 99 310
52 100 359
53 1 314
53 2 344
53 3 263
53 4 264
53 5 292
53 6 323
53 7 286
53 8 325
53 9 339
53 10 423
53 11 482
53 12 319
53 13 284
53 14 287
53 15 296
53 16 378
53 17 113
53 18 183
53 19 277
53 20 299
53 21 313
53 22 247
53 23 329
53 24 384
53 25 386
53 26 418
53 27 239
53 28 334
53 29 320
53 30 274
53 31 365
53 32 402
53 33 181
53 34 221
53 35 309
53 36 403
53 37 463
53 38 308
53 39 397
53 40 120
53 41 183
53 42 228
53 43 274
53 44 263
53 45 296
53 46 356
53 47 321
53 48 371
53 49 258
53 50 280
53 51 364
53 52 187
53 53 0
53 54 68
53 55 161
53 56 198
53 57 224
53 58 253
53 59 143
53 60 153
53 61 185
53 62 252
53 63 318
53 64 370
53 65 258
53 66 297
53 67 309
53 68 315
53 69 313
53 70 279
53 71 344
53 72 346
53 73 290
53 74 386
53 75 199
53 76 217
53 77 278
53 78 198
53 79 206
53 80 264
53 81 347
53 82 405
53 83 414
53 84 493
53 85 262
53 86 103
53 87 149
53 88 173
53 89 236
53 90 317
53 91 166
53 92 218
53 93 282
53 94 273
53 95 283
53 96 334
53 97 409
53 98 424
53 99 367
53 100 416
54 1 246
54 2 276
54 3 195
54 4 196
54 5 224
54 6 255
54 7 218
54 8 257
54 9 271
54 10 355
54 11 414
54 12 251
54 13 216
54 14 219
54 15 228
54 16 310
54 17 45
54 18 115
54 19 209
54 20 231
54 21 245
54 22 179
54 23 261
54 24 316
54 25 318
54 26 350
54 27 171
54 28 266
54 29 252
54 30 206
54 31 297
54 32 334
54 33 113
54 34 153
54 35 241
54 36 335
54 37 395
54 38 240
54 39 329
54 40 52
54 41 115
54 42 160
54 43 206
54 44 195
54 45 228
54 46 288
54 47 253
54 48 303
54 49 190
54 50 212
54 51 296
54 52 119
54 53 204
54 54 0
54 55 93
54 56 130
54 57 156
54 58 185
54 59 75
54 60 85
54 61 117
54 62 184
54 63 250
54 64 302
54 65 190
54 66 229
54 67 241
54 68 247
54 69 245
54 70 211
54 71 276
54 72 278
54 73 222
54 74 318
54 75 131
54 76 149
54 77 210
54 78 130
54 79 138
54 80 196
54 81 279
54 82 337
54 83 346
54 84 425
54 85 194
54 86 35
54 87 81
54 88 105
54 89 168
54 90 249
54 91 98
54 92 150
54 93 214
54 94 205
54 95 215
54 96 266
54 97 341
54 98 356
54 99 299
54 100 348
55 1 301
55 2 331
55 3 336
55 4 170
55 5 198
55 6 229
55 7 206
55 8 245
55 9 259
55 10 343
55 11 402
55 12 412
55 13 357
55 14 245
55 15 254
55 16 354
55 17 152
55 18 222
55 19 316
55 20 338
55 21 352
55 22 316
55 23 398
55 24 453
55 25 455
55 26 487
55 27 197
55 28 292
55 29 307
55 30 113
55 31 204
55 32 293
55 33 215
55 34 255
55 35 343
55 36 437
55 37 406
55 38 295
55 39 384
55 40 379
55 41 442
55 42 360
55 43 406
55 44 430
55 45 428
55 46 488
55 47 160
55 48 210
55 49 292
55 50 285
55 51 369
55 52 174
55 53 259
55 54 327
55 55 0
55 56 37
55 57 63
55 58 92
55 59 130
55 60 140
55 61 172
55 62 239
55 63 286
55 64 338
55 65 245
55 66 284
55 67 296
55 68 382
55 69 257
55 70 118
55 71 183
55 72 185
55 73 129
55 74 225
55 75 268
55 76 307
55 77 368
55 78 415
55 79 423
55 80 389
55 81 386
55 82 444
55 83 334
55 84 413
55 85 335
55 86 362
55 87 408
55 88 432
55 89 495
55 90 369
55 91 383
55 92 386
55 93 373
55 94 306
55 95 270
55 96 321
55 97 396
55 98 263
55 99 287
55 100 336
56 1 264
56 2 294
56 3 299
56 4 133
56 5 161
56 6 192
56 7 169
56 8 208
56 9 222
56 10 306
56 11 365
56 12 375
56 13 320
56 14 208
56 15 217
56 16 317
56 17 115
56 18 185
56 19 279
56 20 301
56 21 315
56 22 279
56 23 361
56 24 416
56 25 418
56 26 450
56 27 160
56 28 255
56 29 270
56 30 76
56 31 167
56 32 256
56 33 178
56 34 218
56 35 306
56 36 400
56 37 369
56 38 258
56 39 347
56 40 342
56 41 405
56 42 323
56 43 369
56 44 393
56 45 391
56 46 451
56 47 123
56 48 173
56 49 255
56 50 248
56 51 332
56 52 137
56 53 222
56 54 290
56 55 280
56 56 0
56 57 26
56 58 55
56 59 93
56 60 103
56 61 135
56 62 202
56 63 249
56 64 301
56 65 208
56 66 247
56 67 259
56 68 345
56 69 220
56 70 81
56 71 146
56 72 148
56 73 92
56 74 188
56 75 231
56 76 270
56 77 331
56 78 378
56 79 386
56 80 352
56 81 349
56 82 407
56 83 297
56 84 376
56 85 298
56 86 325
56 87 371
56 88 395
56 89 458
56 90 332
56 91 346
56 92 349
56 93 336
56 94 269
56 95 233
56 96 284
56 97 359
56 98 226
56 99 250
56 100 299
57 1 238
57 2 268
57 3 273
57 4 107
57 5 135
57 6 166
57 7 143
57 8 182
57 9 196
57 10 280
57 11 339
57 12 349
57 13 294
57 14 182
57 15 191
57 16 291
57 17 89
57 18 159
57 19 253
57 20 275
57 21 289
57 22 253
57 23 335
57 24 390
57 25 392
57 26 424
57 27 134
57 28 229
57 29 244
57 30 303
57 31 394
57 32 259
57 33 152
57 34 192
57 35 280
57 36 374
57 37 343
57 38 232
57 39 321
57 40 316
57 41 379
57 42 297
57 43 343
57 44 367
57 45 365
57 46 425
57 47 97
57 48 147
57 49 229
57 50 222
57 51 306
57 52 111
57 53 196
57 54 264
57 55 254
57 56 291
57 57 0
57 58 29
57 59 67
57 60 77
57 61 109
57 62 176
57 63 242
57 64 294
57 65 182
57 66 221
57 67 233
57 68 319
57 69 237
57 70 308
57 71 373
57 72 375
57 73 66
57 74 162
57 75 205
57 76 244
57 77 305
57 78 352
57 79 360
57 80 326
57 81 323
57 82 381
57 83 271
57 84 350
57 85 272
57 86 299
57 87 345
57 88 369
57 89 432
57 90 306
57 91 320
57 92 323
57 93 310
57 94 243
57 95 207
57 96 258
57 97 333
57 98 200
57 99 224
57 100 273
58 1 209
58 2 239
58 3 244
58 4 78
58 5 106
58 6 137
58 7 114
58 8 153
58 9 167
58 10 251
58 11 310
58 12 320
58 13 265
58 14 153
58 15 162
58 16 262
58 17 60
58 18 130
58 19 224
58 20 246
58 21 260
58 22 224
58 23 306
58 24 361
58 25 363
58 26 395
58 27 105
58 28 200
58 29 215
58 30 274
58 31 365
58 32 230
58 33 123
58 34 163
58 35 251
58 36 345
58 37 314
58 38 203
58 39 292
58 40 287
58 41 350
58 42 268
58 43 314
58 44 338
58 45 336
58 46 396
58 47 68
58 48 118
58 49 200
58 50 193
58 51 277
58 52 82
58 53 167
58 54 235
58 55 225
58 56 262
58 57 273
58 58 0
58 59 38
58 60 48
58 61 80
58 62 147
58 63 213
58 64 265
58 65 153
58 66 192
58 67 204
58 68 290
58 69 208
58 70 279
58 71 344
58 72 346
58 73 37
58 74 133
58 75 176
58 76 215
58 77 276
58 78 323
58 79 331
58 80 297
58 81 294
58 82 352
58 83 242
58 84 321
58 85 243
58 86 270
58 87 316
58 88 340
58 89 403
58 90 277
58 91 291
58 92 294
58 93 281
58 94 214
58 95 178
58 96 229
58 97 304
58 98 171
58 99 195
58 100 244
59 1 171
59 2 201
59 3 247
59 4 248
59 5 276
59 6 307
59 7 164
59 8 203
59 9 217
59 10 301
59 11 360
59 12 370
59 13 256
59 14 144
59 15 153
59 16 235
59 17 242
59 18 192
59 19 286
59 20 308
59 21 313
59 22 334
59 23 416
59 24 471
59 25 473
59 26 505
59 27 96
59 28 191
59 29 177
59 30 236
59 31 327
59 32 280
59 33 293
59 34 333
59 35 421
59 36 515
59 37 364
59 38 165
59 39 254
59 40 249
59 41 312
59 42 259
59 43 305
59 44 329
59 45 327
59 46 387
59 47 347
59 48 309
59 49 370
59 50 184
59 51 268
59 52 44
59 53 129
59 54 197
59 55 187
59 56 224
59 57 250
59 58 279
59 59 0
59 60 10
59 61 42
59 62 109
59 63 175
59 64 227
59 65 115
59 66 154
59 67 166
59 68 252
59 69 199
59 70 241
59 71 306
59 72 308
59 73 316
59 74 412
59 75 286
59 76 304
59 77 365
59 78 285
59 79 293
59 80 351
59 81 347
59 82 405
59 83 292
59 84 371
59 85 234
59 86 232
59 87 278
59 88 302
59 89 365
59 90 239
59 91 253
59 92 305
59 93 343
59 94 176
59 95 140
59 96 191
59 97 266
59 98 323
59 99 245
59 100 294
60 1 161
60 2 191
60 3 237
60 4 238
60 5 266
60 6 297
60 7 154
60 8 193
60 9 207
60 10 291
60 11 350
60 12 360
60 13 246
60 14 134
60 15 143
60 16 225
60 17 232
60 18 182
60 19 276
60 20 298
60 21 303
60 22 324
60 23 406
60 24 461
60 25 463
60 26 495
60 27 86
60 28 181
60 29 167
60 30 226
60 31 317
60 32 270
60 33 283
60 34 323
60 35 411
60 36 505
60 37 354
60 38 155
60 39 244
60 40 239
60 41 302
60 42 249
60 43 295
60 44 319
60 45 317
60 46 377
60 47 337
60 48 299
60 49 360
60 50 174
60 51 258
60 52 34
60 53 119
60 54 187
60 55 177
60 56 214
60 57 240
60 58 269
60 59 262
60 60 0
60 61 32
60 62 99
60 63 165
60 64 217
60 65 105
60 66 144
60 67 156
60 68 242
60 69 189
60 70 231
60 71 296
60 72 298
60 73 306
60 74 402
60 75 276
60 76 294
60 77 355
60 78 275
60 79 283
60 80 341
60 81 337
60 82 395
60 83 282
60 84 361
60 85 224
60 86 222
60 87 268
60 88 292
60 89 355
60 90 229
60 91 243
60 92 295
60 93 333
60 94 166
60 95 130
60 96 181
60 97 256
60 98 313
60 99 235
60 100 284
61 1 236
61 2 266
61 3 252
61 4 238
61 5 266
61 6 297
61 7 122
61 8 161
61 9 175
61 10 259
61 11 318
61 12 328
61 13 356
61 14 313
61 15 322
61 16 193
61 17 291
61 18 150
61 19 244
61 20 266
61 21 271
61 22 292
61 23 374
61 24 429
61 25 431
61 26 463
61 27 265
61 28 360
61 29 242
61 30 301
61 31 392
61 32 238
61 33 283
61 34 323
61 35 411
61 36 505
61 37 322
61 38 123
61 39 212
61 40 259
61 41 322
61 42 359
61 43 405
61 44 402
61 45 427
61 46 487
61 47 412
61 48 267
61 49 360
61 50 353
61 51 274
61 52 192
61 53 227
61 54 295
61 55 252
61 56 289
61 57 315
61 58 344
61 59 370
61 60 297
61 61 0
61 62 67
61 63 133
61 64 185
61 65 73
61 66 112
61 67 124
61 68 210
61 69 282
61 70 306
61 71 371
61 72 373
61 73 381
61 74 477
61 75 244
61 76 262
61 77 323
61 78 243
61 79 251
61 80 309
61 81 305
61 82 363
61 83 250
61 84 329
61 85 388
61 86 330
61 87 376
61 88 400
61 89 463
61 90 197
61 91 211
61 92 263
61 93 301
61 94 134
61 95 205
61 96 256
61 97 331
61 98 320
61 99 203
61 100 252
62 1 198
62 2 228
62 3 185
62 4 186
62 5 214
62 6 245
62 7 55
62 8 94
62 9 108
62 10 192
62 11 251
62 12 261
62 13 289
62 14 261
62 15 270
62 16 126
62 17 224
62 18 83
62 19 177
62 20 199
62 21 204
62 22 231
62 23 313
62 24 368
62 25 370
62 26 402
62 27 213
62 28 308
62 29 204
62 30 263
62 31 354
62 32 171
62 33 221
62 34 261
62 35 349
62 36 443
62 37 255
62 38 56
62 39 145
62 40 192
62 41 255
62 42 292
62 43 338
62 44 335
62 45 360
62 46 420
62 47 374
62 48 200
62 49 293
62 50 301
62 51 207
62 52 125
62 53 160
62 54 228
62 55 214
62 56 251
62 57 277
62 58 306
62 59 303
62 60 230
62 61 262
62 62 0
62 63 66
62 64 118
62 65 137
62 66 176
62 67 188
62 68 274
62 69 316
62 70 268
62 71 333
62 72 335
62 73 343
62 74 439
62 75 183
62 76 222
62 77 283
62 78 205
62 79 213
62 80 271
62 81 238
62 82 296
62 83 183
62 84 262
62 85 321
62 86 263
62 87 309
62 88 333
62 89 396
62 90 159
62 91 173
62 92 225
62 93 234
62 94 96
62 95 167
62 96 218
62 97 293
62 98 253
62 99 136
62 100 185
63 1 234
63 2 264
63 3 306
63 4 236
63 5 264
63 6 295
63 7 272
63 8 311
63 9 325
63 10 409
63 11 468
63 12 478
63 13 423
63 14 311
63 15 320
63 16 420
63 17 355
63 18 425
63 19 519
63 20 541
63 21 555
63 22 290
63 23 372
63 24 427
63 25 429
63 26 461
63 27 263
63 28 358
63 29 240
63 30 299
63 31 390
63 32 388
63 33 281
63 34 321
63 35 409
63 36 503
63 37 472
63 38 493
63 39 582
63 40 362
63 41 425
63 42 426
63 43 472
63 44 496
63 45 494
63 46 554
63 47 410
63 48 417
63 49 358
63 50 351
63 51 141
63 52 157
63 53 242
63 54 310
63 55 250
63 56 287
63 57 313
63 58 342
63 59 380
63 60 390
63 61 422
63 62 489
63 63 0
63 64 52
63 65 71
63 66 110
63 67 122
63 68 208
63 69 280
63 70 304
63 71 369
63 72 371
63 73 379
63 74 475
63 75 242
63 76 260
63 77 321
63 78 241
63 79 249
63 80 307
63 81 398
63 82 456
63 83 400
63 84 479
63 85 401
63 86 345
63 87 391
63 88 415
63 89 478
63 90 195
63 91 209
63 92 261
63 93 325
63 94 132
63 95 203
63 96 254
63 97 329
63 98 386
63 99 353
63 100 402
64 1 182
64 2 212
64 3 254
64 4 184
64 5 212
64 6 243
64 7 220
64 8 259
64 9 273
64 10 357
64 11 416
64 12 426
64 13 371
64 14 259
64 15 268
64 16 368
64 17 303
64 18 373
64 19 467
64 20 489
64 21 503
64 22 238
64 23 320
64 24 375
64 25 377
64 26 409
64 27 211
64 28 306
64 29 188
64 30 247
64 31 338
64 32 336
64 33 229
64 34 269
64 35 357
64 36 451
64 37 420
64 38 441
64 39 530
64 40 310
64 41 373
64 42 374
64 43 420
64 44 444
64 45 442
64 46 502
64 47 358
64 48 365
64 49 306
64 50 299
64 51 89
64 52 105
64 53 190
64 54 258
64 55 198
64 56 235
64 57 261
64 58 290
64 59 328
64 60 338
64 61 370
64 62 437
64 63 326
64 64 0
64 65 19
64 66 58
64 67 70
64 68 156
64 69 228
64 70 252
64 71 317
64 72 319
64 73 327
64 74 423
64 75 190
64 76 208
64 77 269
64 78 189
64 79 197
64 80 255
64 81 346
64 82 404
64 83 348
64 84 427
64 85 349
64 86 293
64 87 339
64 88 363
64 89 426
64 90 143
64 91 157
64 92 209
64 93 273
64 94 80
64 95 151
64 96 202
64 97 277
64 98 334
64 99 301
64 100 350
65 1 163
65 2 193
65 3 235
65 4 165
65 5 193
65 6 224
65 7 201
65 8 240
65 9 254
65 10 338
65 11 397
65 12 407
65 13 352
65 14 240
65 15 249
65 16 349
65 17 331
65 18 401
65 19 495
65 20 517
65 21 531
65 22 219
65 23 301
65 24 356
65 25 358
65 26 390
65 27 192
65 28 287
65 29 169
65 30 228
65 31 319
65 32 317
65 33 210
65 34 250
65 35 338
65 36 432
65 37 401
65 38 422
65 39 511
65 40 426
65 41 489
65 42 355
65 43 401
65 44 425
65 45 423
65 46 483
65 47 339
65 48 346
65 49 287
65 50 280
65 51 364
65 52 230
65 53 306
65 54 374
65 55 179
65 56 216
65 57 242
65 58 271
65 59 309
65 60 319
65 61 351
65 62 418
65 63 307
65 64 359
65 65 0
65 66 39
65 67 51
65 68 137
65 69 209
65 70 233
65 71 298
65 72 300
65 73 308
65 74 404
65 75 171
65 76 189
65 77 250
65 78 170
65 79 178
65 80 236
65 81 327
65 82 385
65 83 329
65 84 408
65 85 330
65 86 358
65 87 404
65 88 428
65 89 491
65 90 124
65 91 138
65 92 190
65 93 254
65 94 61
65 95 132
65 96 183
65 97 258
65 98 315
65 99 282
65 100 331
66 1 359
66 2 389
66 3 292
66 4 126
66 5 154
66 6 185
66 7 162
66 8 201
66 9 215
66 10 299
66 11 358
66 12 368
66 13 313
66 14 201
66 15 210
66 16 310
66 17 380
66 18 410
66 19 504
66 20 526
66 21 531
66 22 421
66 23 503
66 24 558
66 25 560
66 26 592
66 27 153
66 28 248
66 29 277
66 30 317
66 31 408
66 32 278
66 33 171
66 34 211
66 35 299
66 36 393
66 37 362
66 38 383
66 39 472
66 40 387
66 41 450
66 42 316
66 43 362
66 44 386
66 45 384
66 46 444
66 47 418
66 48 307
66 49 248
66 50 241
66 51 325
66 52 232
66 53 267
66 54 335
66 55 375
66 56 412
66 57 321
66 58 350
66 59 388
66 60 304
66 61 336
66 62 403
66 63 268
66 64 320
66 65 339
66 66 0
66 67 12
66 68 98
66 69 170
66 70 243
66 71 308
66 72 310
66 73 318
66 74 414
66 75 373
66 76 391
66 77 452
66 78 372
66 79 380
66 80 345
66 81 376
66 82 434
66 83 290
66 84 369
66 85 291
66 86 319
66 87 365
66 88 389
66 89 452
66 90 326
66 91 340
66 92 392
66 93 456
66 94 263
66 95 328
66 96 379
66 97 454
66 98 360
66 99 243
66 100 292
67 1 347
67 2 377
67 3 280
67 4 114
67 5 142
67 6 173
67 7 150
67 8 189
67 9 203
67 10 287
67 11 346
67 12 356
67 13 301
67 14 189
67 15 198
67 16 298
67 17 368
67 18 398
67 19 492
67 20 514
67 21 519
67 22 409
67 23 491
67 24 546
67 25 548
67 26 580
67 27 141
67 28 236
67 29 265
67 30 305
67 31 396
67 32 266
67 33 159
67 34 199
67 35 287
67 36 381
67 37 350
67 38 371
67 39 460
67 40 375
67 41 438
67 42 304
67 43 350
67 44 374
67 45 372
67 46 432
67 47 406
67 48 295
67 49 236
67 50 229
67 51 313
67 52 220
67 53 255
67 54 323
67 55 363
67 56 400
67 57 309
67 58 338
67 59 376
67 60 292
67 61 324
67 62 391
67 63 256
67 64 308
67 65 327
67 66 366
67 67 0
67 68 86
67 69 158
67 70 231
67 71 296
67 72 298
67 73 306
67 74 402
67 75 361
67 76 379
67 77 440
67 78 360
67 79 368
67 80 333
67 81 364
67 82 422
67 83 278
67 84 357
67 85 279
67 86 307
67 87 353
67 88 377
67 89 440
67 90 314
67 91 328
67 92 380
67 93 444
67 94 251
67 95 316
67 96 367
67 97 442
67 98 348
67 99 231
67 100 280
68 1 261
68 2 291
68 3 194
68 4 28
68 5 56
68 6 87
68 7 64
68 8 103
68 9 117
68 10 201
68 11 260
68 12 270
68 13 215
68 14 103
68 15 112
68 16 212
68 17 282
68 18 312
68 19 406
68 20 428
68 21 433
68 22 323
68 23 405
68 24 460
68 25 462
68 26 494
68 27 55
68 28 150
68 29 179
68 30 219
68 31 310
68 32 180
68 33 73
68 34 113
68 35 201
68 36 295
68 37 264
68 38 285
68 39 374
68 40 289
68 41 352
68 42 218
68 43 264
68 44 288
68 45 286
68 46 346
68 47 320
68 48 209
68 49 150
68 50 143
68 51 227
68 52 134
68 53 169
68 54 237
68 55 277
68 56 314
68 57 223
68 58 252
68 59 290
68 60 206
68 61 238
68 62 305
68 63 170
68 64 222
68 65 241
68 66 280
68 67 292
68 68 0
68 69 72
68 70 145
68 71 210
68 72 212
68 73 220
68 74 316
68 75 275
68 76 293
68 77 354
68 78 274
68 79 282
68 80 247
68 81 278
68 82 336
68 83 192
68 84 271
68 85 193
68 86 221
68 87 267
68 88 291
68 89 354
68 90 228
68 91 242
68 92 294
68 93 358
68 94 165
68 95 230
68 96 281
68 97 356
68 98 262
68 99 145
68 100 194
69 1 422
69 2 452
69 3 355
69 4 189
69 5 217
69 6 248
69 7 225
69 8 264
69 9 278
69 10 362
69 11 421
69 12 431
69 13 376
69 14 264
69 15 273
69 16 373
69 17 273
69 18 343
69 19 437
69 20 459
69 21 473
69 22 335
69 23 417
69 24 472
69 25 474
69 26 506
69 27 216
69 28 311
69 29 340
69 30 147
69 31 238
69 32 327
69 33 234
69 34 274
69 35 362
69 36 456
69 37 425
69 38 416
69 39 505
69 40 414
69 41 477
69 42 379
69 43 425
69 44 449
69 45 447
69 46 507
69 47 281
69 48 331
69 49 311
69 50 304
69 51 388
69 52 295
69 53 294
69 54 362
69 55 438
69 56 475
69 57 184
69 58 213
69 59 251
69 60 261
69 61 293
69 62 360
69 63 320
69 64 372
69 65 366
69 66 405
69 67 417
69 68 466
69 69 0
69 70 73
69 71 138
69 72 140
69 73 148
69 74 244
69 75 287
69 76 326
69 77 387
69 78 435
69 79 443
69 80 408
69 81 439
69 82 497
69 83 353
69 84 432
69 85 354
69 86 382
69 87 428
69 88 452
69 89 515
69 90 389
69 91 403
69 92 455
69 93 494
69 94 326
69 95 391
69 96 442
69 97 517
69 98 384
69 99 306
69 100 355
70 1 349
70 2 379
70 3 282
70 4 116
70 5 144
70 6 175
70 7 152
70 8 191
70 9 205
70 10 289
70 11 348
70 12 358
70 13 303
70 14 191
70 15 200
70 16 300
70 17 200
70 18 270
70 19 364
70 20 386
70 21 400
70 22 262
70 23 344
70 24 399
70 25 401
70 26 433
70 27 143
70 28 238
70 29 267
70 30 74
70 31 165
70 32 254
70 33 161
70 34 201
70 35 289
70 36 383
70 37 352
70 38 343
70 39 432
70 40 341
70 41 404
70 42 306
70 43 352
70 44 376
70 45 374
70 46 434
70 47 208
70 48 258
70 49 238
70 50 231
70 51 315
70 52 222
70 53 221
70 54 289
70 55 365
70 56 402
70 57 111
70 58 140
70 59 178
70 60 188
70 61 220
70 62 287
70 63 247
70 64 299
70 65 293
70 66 332
70 67 344
70 68 393
70 69 218
70 70 0
70 71 65
70 72 67
70 73 75
70 74 171
70 75 214
70 76 253
70 77 314
70 78 362
70 79 370
70 80 335
70 81 366
70 82 424
70 83 280
70 84 359
70 85 281
70 86 309
70 87 355
70 88 379
70 89 442
70 90 316
70 91 330
70 92 382
70 93 421
70 94 253
70 95 318
70 96 369
70 97 444
70 98 311
70 99 233
70 100 282
71 1 284
71 2 314
71 3 217
71 4 51
71 5 79
71 6 110
71 7 87
71 8 126
71 9 140
71 10 224
71 11 283
71 12 293
71 13 238
71 14 126
71 15 135
71 16 235
71 17 269
71 18 335
71 19 429
71 20 451
71 21 456
71 22 197
71 23 279
71 24 334
71 25 336
71 26 368
71 27 78
71 28 173
71 29 202
71 30 261
71 31 352
71 32 203
71 33 96
71 34 136
71 35 224
71 36 318
71 37 287
71 38 308
71 39 397
71 40 276
71 41 339
71 42 241
71 43 287
71 44 311
71 45 309
71 46 369
71 47 343
71 48 232
71 49 173
71 50 166
71 51 250
71 52 157
71 53 156
71 54 224
71 55 300
71 56 337
71 57 246
71 58 275
71 59 299
71 60 229
71 61 261
71 62 328
71 63 193
71 64 245
71 65 264
71 66 303
71 67 315
71 68 328
71 69 181
71 70 254
71 71 0
71 72 2
71 73 10
71 74 106
71 75 149
71 76 188
71 77 249
71 78 297
71 79 305
71 80 270
71 81 301
71 82 359
71 83 215
71 84 294
71 85 216
71 86 244
71 87 290
71 88 314
71 89 377
71 90 251
71 91 265
71 92 317
71 93 381
71 94 188
71 95 253
71 96 304
71 97 379
71 98 285
71 99 168
71 100 217
72 1 282
72 2 312
72 3 215
72 4 49
72 5 77
72 6 108
72 7 85
72 8 124
72 9 138
72 10 222
72 11 281
72 12 291
72 13 236
72 14 124
72 15 133
72 16 233
72 17 267
72 18 333
72 19 427
72 20 449
72 21 454
72 22 195
72 23 277
72 24 332
72 25 334
72 26 366
72 27 76
72 28 171
72 29 200
72 30 259
72 31 350
72 32 201
72 33 94
72 34 134
72 35 222
72 36 316
72 37 285
72 38 306
72 39 395
72 40 274
72 41 337
72 42 239
72 43 285
72 44 309
72 45 307
72 46 367
72 47 341
72 48 230
72 49 171
72 50 164
72 51 248
72 52 155
72 53 154
72 54 222
72 55 298
72 56 335
72 57 244
72 58 273
72 59 297
72 60 227
72 61 259
72 62 326
72 63 191
72 64 243
72 65 262
72 66 301
72 67 313
72 68 326
72 69 179
72 70 252
72 71 317
72 72 0
72 73 8
72 74 104
72 75 147
72 76 186
72 77 247
72 78 295
72 79 303
72 80 268
72 81 299
72 82 357
72 83 213
72 84 292
72 85 214
72 86 242
72 87 288
72 88 312
72 89 375
72 90 249
72 91 263
72 92 315
72 93 379
72 94 186
72 95 251
72 96 302
72 97 377
72 98 283
72 99 166
72 100 215
73 1 274
73 2 304
73 3 207
73 4 41
73 5 69
73 6 100
73 7 77
73 8 116
73 9 130
73 10 214
73 11 273
73 12 283
73 13 228
73 14 116
73 15 125
73 16 225
73 17 259
73 18 325
73 19 419
73 20 441
73 21 446
73 22 187
73 23 269
73 24 324
73 25 326
73 26 358
73 27 68
73 28 163
73 29 192
73 30 251
73 31 342
73 32 193
73 33 86
73 34 126
73 35 214
73 36 308
73 37 277
73 38 298
73 39 387
73 40 266
73 41 329
73 42 231
73 43 277
73 44 301
73 45 299
73 46 359
73 47 333
73 48 222
73 49 163
73 50 156
73 51 240
73 52 147
73 53 146
73 54 214
73 55 290
73 56 327
73 57 236
73 58 265
73 59 289
73 60 219
73 61 251
73 62 318
73 63 183
73 64 235
73 65 254
73 66 293
73 67 305
73 68 318
73 69 171
73 70 244
73 71 309
73 72 311
73 73 0
73 74 96
73 75 139
73 76 178
73 77 239
73 78 287
73 79 295
73 80 260
73 81 291
73 82 349
73 83 205
73 84 284
73 85 206
73 86 234
73 87 280
73 88 304
73 89 367
73 90 241
73 91 255
73 92 307
73 93 371
73 94 178
73 95 243
73 96 294
73 97 369
73 98 275
73 99 158
73 100 207
74 1 229
74 2 259
74 3 298
74 4 299
74 5 327
74 6 358
74 7 335
74 8 374
74 9 388
74 10 472
74 11 531
74 12 369
74 13 334
74 14 337
74 15 346
74 16 428
74 17 163
74 18 233
74 19 327
74 20 349
74 21 363
74 22 91
74 23 173
74 24 228
74 25 230
74 26 262
74 27 289
74 28 384
74 29 235
74 30 294
74 31 385
74 32 284
74 33 231
74 34 271
74 35 359
74 36 453
74 37 513
74 38 358
74 39 447
74 40 170
74 41 233
74 42 278
74 43 324
74 44 313
74 45 346
74 46 406
74 47 371
74 48 421
74 49 308
74 50 330
74 51 414
74 52 102
74 53 50
74 54 118
74 55 211
74 56 248
74 57 274
74 58 303
74 59 193
74 60 203
74 61 235
74 62 302
74 63 368
74 64 420
74 65 308
74 66 347
74 67 359
74 68 365
74 69 363
74 70 299
74 71 364
74 72 366
74 73 340
74 74 0
74 75 43
74 76 82
74 77 143
74 78 233
74 79 241
74 80 299
74 81 390
74 82 448
74 83 461
74 84 540
74 85 312
74 86 153
74 87 199
74 88 223
74 89 286
74 90 367
74 91 216
74 92 268
74 93 332
74 94 323
74 95 198
74 96 249
74 97 324
74 98 381
74 99 249
74 100 298
75 1 186
75 2 216
75 3 255
75 4 256
75 5 284
75 6 315
75 7 292
75 8 331
75 9 345
75 10 429
75 11 488
75 12 463
75 13 428
75 14 331
75 15 340
75 16 440
75 17 257
75 18 327
75 19 421
75 20 443
75 21 457
75 22 48
75 23 130
75 24 185
75 25 187
75 26 219
75 27 283
75 28 378
75 29 192
75 30 251
75 31 342
75 32 241
75 33 291
75 34 331
75 35 419
75 36 513
75 37 492
75 38 413
75 39 502
75 40 264
75 41 327
75 42 372
75 43 418
75 44 407
75 45 440
75 46 500
75 47 362
75 48 412
75 49 368
75 50 371
75 51 455
75 52 59
75 53 144
75 54 212
75 55 202
75 56 239
75 57 265
75 58 294
75 59 248
75 60 258
75 61 290
75 62 357
75 63 398
75 64 450
75 65 363
75 66 362
75 67 374
75 68 459
75 69 386
75 70 256
75 71 321
75 72 323
75 73 331
75 74 427
75 75 0
75 76 39
75 77 100
75 78 190
75 79 198
75 80 256
75 81 347
75 82 405
75 83 418
75 84 497
75 85 406
75 86 247
75 87 293
75 88 317
75 89 380
75 90 446
75 91 310
75 92 362
75 93 426
75 94 383
75 95 155
75 96 206
75 97 281
75 98 338
75 99 206
75 100 255
76 1 393
76 2 423
76 3 216
76 4 217
76 5 245
76 6 276
76 7 253
76 8 292
76 9 306
76 10 390
76 11 449
76 12 459
76 13 404
76 14 292
76 15 301
76 16 401
76 17 471
76 18 501
76 19 595
76 20 617
76 21 622
76 22 382
76 23 464
76 24 519
76 25 521
76 26 553
76 27 244
76 28 339
76 29 368
76 30 407
76 31 498
76 32 369
76 33 262
76 34 302
76 35 390
76 36 484
76 37 453
76 38 474
76 39 563
76 40 478
76 41 541
76 42 407
76 43 453
76 44 477
76 45 475
76 46 535
76 47 509
76 48 398
76 49 339
76 50 332
76 51 416
76 52 323
76 53 358
76 54 426
76 55 409
76 56 446
76 57 412
76 58 441
76 59 479
76 60 395
76 61 427
76 62 494
76 63 359
76 64 411
76 65 430
76 66 469
76 67 481
76 68 494
76 69 347
76 70 412
76 71 477
76 72 479
76 73 478
76 74 574
76 75 334
76 76 0
76 77 61
76 78 151
76 79 159
76 80 217
76 81 308
76 82 366
76 83 379
76 84 458
76 85 382
76 86 410
76 87 456
76 88 480
76 89 543
76 90 417
76 91 301
76 92 353
76 93 417
76 94 354
76 95 362
76 96 413
76 97 488
76 98 451
76 99 334
76 100 383
77 1 332
77 2 362
77 3 155
77 4 156
77 5 184
77 6 215
77 7 192
77 8 231
77 9 245
77 10 329
77 11 388
77 12 398
77 13 343
77 14 231
77 15 240
77 16 340
77 17 410
77 18 440
77 19 534
77 20 556
77 21 561
77 22 321
77 23 403
77 24 458
77 25 460
77 26 492
77 27 183
77 28 278
77 29 307
77 30 346
77 31 437
77 32 308
77 33 201
77 34 241
77 35 329
77 36 423
77 37 392
77 38 413
77 39 502
77 40 417
77 41 480
77 42 346
77 43 392
77 44 416
77 45 414
77 46 474
77 47 448
77 48 337
77 49 278
77 50 271
77 51 355
77 52 262
77 53 297
77 54 365
77 55 348
77 56 385
77 57 351
77 58 380
77 59 418
77 60 334
77 61 366
77 62 433
77 63 298
77 64 350
77 65 369
77 66 408
77 67 420
77 68 433
77 69 286
77 70 351
77 71 416
77 72 418
77 73 417
77 74 513
77 75 273
77 76 291
77 77 0
77 78 90
77 79 98
77 80 156
77 81 247
77 82 305
77 83 318
77 84 397
77 85 321
77 86 349
77 87 395
77 88 419
77 89 482
77 90 356
77 91 240
77 92 292
77 93 356
77 94 293
77 95 301
77 96 352
77 97 427
77 98 390
77 99 273
77 100 322
78 1 242
78 2 272
78 3 65
78 4 66
78 5 94
78 6 125
78 7 102
78 8 141
78 9 155
78 10 239
78 11 298
78 12 308
78 13 253
78 14 141
78 15 150
78 16 250
78 17 320
78 18 350
78 19 444
78 20 466
78 21 471
78 22 231
78 23 313
78 24 368
78 25 370
78 26 402
78 27 93
78 28 188
78 29 217
78 30 256
78 31 347
78 32 218
78 33 111
78 34 151
78 35 239
78 36 333
78 37 302
78 38 323
78 39 412
78 40 327
78 41 390
78 42 256
78 43 302
78 44 326
78 45 324
78 46 384
78 47 358
78 48 247
78 49 188
78 50 181
78 51 265
78 52 172
78 53 207
78 54 275
78 55 258
78 56 295
78 57 261
78 58 290
78 59 328
78 60 244
78 61 276
78 62 343
78 63 208
78 64 260
78 65 279
78 66 318
78 67 330
78 68 343
78 69 196
78 70 261
78 71 326
78 72 328
78 73 327
78 74 423
78 75 183
78 76 201
78 77 262
78 78 0
78 79 8
78 80 66
78 81 157
78 82 215
78 83 228
78 84 307
78 85 231
78 86 259
78 87 305
78 88 329
78 89 392
78 90 266
78 91 150
78 92 202
78 93 266
78 94 203
78 95 211
78 96 262
78 97 337
78 98 300
78 99 183
78 100 232
79 1 234
79 2 264
79 3 57
79 4 58
79 5 86
79 6 117
79 7 94
79 8 133
79 9 147
79 10 231
79 11 290
79 12 300
79 13 245
79 14 133
79 15 142
79 16 242
79 17 312
79 18 342
79 19 436
79 20 458
79 21 463
79 22 223
79 23 305
79 24 360
79 25 362
79 26 394
79 27 85
79 28 180
79 29 209
79 30 248
79 31 339
79 32 210
79 33 103
79 34 143
79 35 231
79 36 325
79 37 294
79 38 315
79 39 404
79 40 319
79 41 382
79 42 248
79 43 294
79 44 318
79 45 316
79 46 376
79 47 350
79 48 239
79 49 180
79 50 173
79 51 257
79 52 164
79 53 199
79 54 267
79 55 250
79 56 287
79 57 253
79 58 282
79 59 320
79 60 236
79 61 268
79 62 335
79 63 200
79 64 252
79 65 271
79 66 310
79 67 322
79 68 335
79 69 188
79 70 253
79 71 318
79 72 320
79 73 319
79 74 415
79 75 175
79 76 193
79 77 254
79 78 174
79 79 0
79 80 58
79 81 149
79 82 207
79 83 220
79 84 299
79 85 223
79 86 251
79 87 297
79 88 321
79 89 384
79 90 258
79 91 142
79 92 194
79 93 258
79 94 195
79 95 203
79 96 254
79 97 329
79 98 292
79 99 175
79 100 224
80 1 176
80 2 206
80 3 181
80 4 182
80 5 90
80 6 121
80 7 98
80 8 137
80 9 151
80 10 235
80 11 294
80 12 304
80 13 322
80 14 257
80 15 266
80 16 366
80 17 316
80 18 346
80 19 440
80 20 462
80 21 467
80 22 165
80 23 247
80 24 302
80 25 304
80 26 336
80 27 209
80 28 304
80 29 182
80 30 190
80 31 281
80 32 214
80 33 227
80 34 267
80 35 355
80 36 449
80 37 298
80 38 319
80 39 408
80 40 323
80 41 386
80 42 325
80 43 371
80 44 395
80 45 393
80 46 453
80 47 324
80 48 243
80 49 304
80 50 297
80 51 345
80 52 168
80 53 203
80 54 271
80 55 192
80 56 229
80 57 227
80 58 256
80 59 294
80 60 304
80 61 336
80 62 403
80 63 204
80 64 256
80 65 275
80 66 314
80 67 326
80 68 412
80 69 312
80 70 195
80 71 260
80 72 262
80 73 270
80 74 366
80 75 117
80 76 135
80 77 196
80 78 116
80 79 124
80 80 0
80 81 91
80 82 149
80 83 162
80 84 241
80 85 300
80 86 306
80 87 352
80 88 376
80 89 439
80 90 338
80 91 84
80 92 136
80 93 200
80 94 275
80 95 145
80 96 196
80 97 271
80 98 296
80 99 179
80 100 228
81 1 85
81 2 115
81 3 161
81 4 162
81 5 190
81 6 221
81 7 198
81 8 237
81 9 251
81 10 335
81 11 394
81 12 360
81 13 231
81 14 237
81 15 246
81 16 346
81 17 225
81 18 295
81 19 389
81 20 411
81 21 425
81 22 366
81 23 448
81 24 503
81 25 505
81 26 537
81 27 189
81 28 284
81 29 91
81 30 99
81 31 190
81 32 279
81 33 207
81 34 247
81 35 335
81 36 429
81 37 398
81 38 368
81 39 457
81 40 423
81 41 486
81 42 234
81 43 280
81 44 304
81 45 302
81 46 362
81 47 233
81 48 283
81 49 284
81 50 277
81 51 361
81 52 247
81 53 303
81 54 371
81 55 101
81 56 138
81 57 136
81 58 165
81 59 203
81 60 213
81 61 245
81 62 312
81 63 272
81 64 324
81 65 318
81 66 261
81 67 273
81 68 321
81 69 243
81 70 104
81 71 169
81 72 171
81 73 179
81 74 275
81 75 318
81 76 351
81 77 412
81 78 332
81 79 340
81 80 381
81 81 0
81 82 58
81 83 71
81 84 150
81 85 209
81 86 237
81 87 283
81 88 307
81 89 370
81 90 362
81 91 300
81 92 352
81 93 416
81 94 299
81 95 54
81 96 105
81 97 180
81 98 237
81 99 268
81 100 317
82 1 408
82 2 438
82 3 339
82 4 288
82 5 316
82 6 347
82 7 324
82 8 250
82 9 264
82 10 348
82 11 407
82 12 302
82 13 173
82 14 236
82 15 245
82 16 345
82 17 270
82 18 340
82 19 434
82 20 456
82 21 470
82 22 323
82 23 405
82 24 460
82 25 462
82 26 494
82 27 292
82 28 387
82 29 414
82 30 349
82 31 440
82 32 327
82 33 257
82 34 297
82 35 385
82 36 479
82 37 411
82 38 413
82 39 502
82 40 436
82 41 499
82 42 176
82 43 222
82 44 246
82 45 244
82 46 304
82 47 278
82 48 328
82 49 334
82 50 276
82 51 360
82 52 281
82 53 316
82 54 384
82 55 424
82 56 461
82 57 181
82 58 210
82 59 248
82 60 258
82 61 290
82 62 357
82 63 423
82 64 475
82 65 363
82 66 402
82 67 414
82 68 263
82 69 202
82 70 275
82 71 340
82 72 342
82 73 247
82 74 343
82 75 275
82 76 293
82 77 354
82 78 274
82 79 282
82 80 340
82 81 425
82 82 0
82 83 13
82 84 92
82 85 151
82 86 179
82 87 225
82 88 249
82 89 312
82 90 393
82 91 242
82 92 294
82 93 358
82 94 349
82 95 377
82 96 428
82 97 503
82 98 381
82 99 292
82 100 341
83 1 395
83 2 425
83 3 326
83 4 275
83 5 303
83 6 334
83 7 311
83 8 237
83 9 251
83 10 335
83 11 394
83 12 289
83 13 160
83 14 223
83 15 232
83 16 332
83 17 257
83 18 327
83 19 421
83 20 443
83 21 457
83 22 310
83 23 392
83 24 447
83 25 449
83 26 481
83 27 279
83 28 374
83 29 401
83 30 336
83 31 427
83 32 314
83 33 244
83 34 284
83 35 372
83 36 466
83 37 398
83 38 400
83 39 489
83 40 423
83 41 486
83 42 163
83 43 209
83 44 233
83 45 231
83 46 291
83 47 265
83 48 315
83 49 321
83 50 263
83 51 347
83 52 268
83 53 303
83 54 371
83 55 411
83 56 448
83 57 168
83 58 197
83 59 235
83 60 245
83 61 277
83 62 344
83 63 410
83 64 462
83 65 350
83 66 389
83 67 401
83 68 250
83 69 189
83 70 262
83 71 327
83 72 329
83 73 234
83 74 330
83 75 262
83 76 280
83 77 341
83 78 261
83 79 269
83 80 327
83 81 412
83 82 470
83 83 0
83 84 79
83 85 138
83 86 166
83 87 212
83 88 236
83 89 299
83 90 380
83 91 229
83 92 281
83 93 345
83 94 336
83 95 364
83 96 415
83 97 490
83 98 368
83 99 279
83 100 328
84 1 316
84 2 346
84 3 247
84 4 196
84 5 224
84 6 255
84 7 232
84 8 158
84 9 172
84 10 256
84 11 315
84 12 210
84 13 81
84 14 144
84 15 153
84 16 253
84 17 178
84 18 248
84 19 342
84 20 364
84 21 378
84 22 231
84 23 313
84 24 368
84 25 370
84 26 402
84 27 200
84 28 295
84 29 322
84 30 257
84 31 348
84 32 235
84 33 165
84 34 205
84 35 293
84 36 387
84 37 319
84 38 321
84 39 410
84 40 344
84 41 407
84 42 84
84 43 130
84 44 154
84 45 152
84 46 212
84 47 186
84 48 236
84 49 242
84 50 184
84 51 268
84 52 189
84 53 224
84 54 292
84 55 332
84 56 369
84 57 89
84 58 118
84 59 156
84 60 166
84 61 198
84 62 265
84 63 331
84 64 383
84 65 271
84 66 310
84 67 322
84 68 171
84 69 110
84 70 183
84 71 248
84 72 250
84 73 155
84 74 251
84 75 183
84 76 201
84 77 262
84 78 182
84 79 190
84 80 248
84 81 333
84 82 391
84 83 247
84 84 0
84 85 59
84 86 87
84 87 133
84 88 157
84 89 220
84 90 301
84 91 150
84 92 202
84 93 266
84 94 257
84 95 285
84 96 336
84 97 411
84 98 289
84 99 200
84 100 249
85 1 257
85 2 287
85 3 188
85 4 137
85 5 165
85 6 196
85 7 173
85 8 99
85 9 113
85 10 197
85 11 256
85 12 151
85 13 22
85 14 85
85 15 94
85 16 194
85 17 119
85 18 189
85 19 283
85 20 305
85 21 319
85 22 172
85 23 254
85 24 309
85 25 311
85 26 343
85 27 141
85 28 236
85 29 263
85 30 198
85 31 289
85 32 176
85 33 106
85 34 146
85 35 234
85 36 328
85 37 260
85 38 262
85 39 351
85 40 285
85 41 348
85 42 25
85 43 71
85 44 95
85 45 93
85 46 153
85 47 127
85 48 177
85 49 183
85 50 125
85 51 209
85 52 130
85 53 165
85 54 233
85 55 273
85 56 310
85 57 30
85 58 59
85 59 97
85 60 107
85 61 139
85 62 206
85 63 272
85 64 324
85 65 212
85 66 251
85 67 263
85 68 112
85 69 51
85 70 124
85 71 189
85 72 191
85 73 96
85 74 192
85 75 124
85 76 142
85 77 203
85 78 123
85 79 131
85 80 189
85 81 274
85 82 332
85 83 188
85 84 267
85 85 0
85 86 28
85 87 74
85 88 98
85 89 161
85 90 242
85 91 91
85 92 143
85 93 207
85 94 198
85 95 226
85 96 277
85 97 352
85 98 230
85 99 141
85 100 190
86 1 272
86 2 302
86 3 160
86 4 161
86 5 189
86 6 220
86 7 197
86 8 236
86 9 250
86 10 334
86 11 393
86 12 403
86 13 348
86 14 236
86 15 245
86 16 345
86 17 353
86 18 393
86 19 487
86 20 509
86 21 514
86 22 144
86 23 226
86 24 281
86 25 283
86 26 315
86 27 188
86 28 283
86 29 278
86 30 337
86 31 428
86 32 313
86 33 78
86 34 118
86 35 206
86 36 300
86 37 360
86 38 366
86 39 455
86 40 360
86 41 423
86 42 351
86 43 397
86 44 421
86 45 419
86 46 479
86 47 448
86 48 342
86 49 155
86 50 177
86 51 261
86 52 155
86 53 240
86 54 308
86 55 288
86 56 325
86 57 351
86 58 380
86 59 344
86 60 211
86 61 243
86 62 310
86 63 303
86 64 355
86 65 316
86 66 355
86 67 367
86 68 438
86 69 291
86 70 342
86 71 407
86 72 409
86 73 417
86 74 513
86 75 96
86 76 114
86 77 175
86 78 95
86 79 103
86 80 161
86 81 252
86 82 310
86 83 323
86 84 402
86 85 326
86 86 0
86 87 46
86 88 70
86 89 133
86 90 214
86 91 63
86 92 115
86 93 179
86 94 170
86 95 241
86 96 292
86 97 367
86 98 395
86 99 278
86 100 327
87 1 226
87 2 256
87 3 114
87 4 115
87 5 143
87 6 174
87 7 151
87 8 190
87 9 204
87 10 288
87 11 347
87 12 357
87 13 302
87 14 190
87 15 199
87 16 299
87 17 307
87 18 347
87 19 441
87 20 463
87 21 468
87 22 98
87 23 180
87 24 235
87 25 237
87 26 269
87 27 142
87 28 237
87 29 232
87 30 291
87 31 382
87 32 267
87 33 32
87 34 72
87 35 160
87 36 254
87 37 314
87 38 320
87 39 409
87 40 314
87 41 377
87 42 305
87 43 351
87 44 375
87 45 373
87 46 433
87 47 402
87 48 296
87 49 109
87 50 131
87 51 215
87 52 109
87 53 194
87 54 262
87 55 242
87 56 279
87 57 305
87 58 334
87 59 298
87 60 165
87 61 197
87 62 264
87 63 257
87 64 309
87 65 270
87 66 309
87 67 321
87 68 392
87 69 245
87 70 296
87 71 361
87 72 363
87 73 371
87 74 467
87 75 50
87 76 68
87 77 129
87 78 49
87 79 57
87 80 115
87 81 206
87 82 264
87 83 277
87 84 356
87 85 280
87 86 297
87 87 0
87 88 24
87 89 87
87 90 168
87 91 17
87 92 69
87 93 133
87 94 124
87 95 195
87 96 246
87 97 321
87 98 349
87 99 232
87 100 281
88 1 202
88 2 232
88 3 255
88 4 256
88 5 272
88 6 303
88 7 143
88 8 181
88 9 195
88 10 279
88 11 338
88 12 348
88 13 283
88 14 171
88 15 180
88 16 280
88 17 360
88 18 323
88 19 417
88 20 439
88 21 444
88 22 239
88 23 321
88 24 376
88 25 378
88 26 410
88 27 123
88 28 218
88 29 208
88 30 267
88 31 358
88 32 258
88 33 8
88 34 48
88 35 136
88 36 230
88 37 290
88 38 296
88 39 385
88 40 367
88 41 430
88 42 286
88 43 332
88 44 356
88 45 354
88 46 414
88 47 378
88 48 287
88 49 85
88 50 107
88 51 191
88 52 175
88 53 247
88 54 315
88 55 218
88 56 255
88 57 281
88 58 310
88 59 348
88 60 141
88 61 173
88 62 240
88 63 306
88 64 358
88 65 246
88 66 285
88 67 297
88 68 373
88 69 226
88 70 272
88 71 337
88 72 339
88 73 347
88 74 443
88 75 191
88 76 209
88 77 270
88 78 190
88 79 198
88 80 182
88 81 273
88 82 331
88 83 270
88 84 349
88 85 261
88 86 289
88 87 335
88 88 0
88 89 63
88 90 144
88 91 158
88 92 210
88 93 274
88 94 100
88 95 171
88 96 222
88 97 297
88 98 340
88 99 223
88 100 272
89 1 208
89 2 238
89 3 192
89 4 193
89 5 221
89 6 252
89 7 229
89 8 268
89 9 282
89 10 366
89 11 425
89 12 435
89 13 380
89 14 268
89 15 277
89 16 377
89 17 376
89 18 446
89 19 540
89 20 562
89 21 576
89 22 176
89 23 258
89 24 313
89 25 315
89 26 347
89 27 220
89 28 315
89 29 214
89 30 273
89 31 364
89 32 345
89 33 238
89 34 278
89 35 366
89 36 460
89 37 429
89 38 450
89 39 539
89 40 392
89 41 455
89 42 383
89 43 429
89 44 453
89 45 451
89 46 511
89 47 384
89 48 374
89 49 315
89 50 308
89 51 392
89 52 187
89 53 272
89 54 340
89 55 224
89 56 261
89 57 287
89 58 316
89 59 354
89 60 364
89 61 396
89 62 463
89 63 335
89 64 387
89 65 406
89 66 384
89 67 396
89 68 470
89 69 323
89 70 278
89 71 343
89 72 345
89 73 353
89 74 449
89 75 128
89 76 146
89 77 207
89 78 127
89 79 135
89 80 193
89 81 284
89 82 342
89 83 355
89 84 434
89 85 358
89 86 375
89 87 421
89 88 445
89 89 0
89 90 81
89 91 95
89 92 147
89 93 211
89 94 286
89 95 177
89 96 228
89 97 303
89 98 360
89 99 310
89 100 359
90 1 127
90 2 157
90 3 111
90 4 112
90 5 140
90 6 171
90 7 148
90 8 187
90 9 201
90 10 285
90 11 344
90 12 354
90 13 299
90 14 187
90 15 196
90 16 296
90 17 295
90 18 365
90 19 459
90 20 481
90 21 495
90 22 95
90 23 177
90 24 232
90 25 234
90 26 266
90 27 139
90 28 234
90 29 133
90 30 192
90 31 283
90 32 264
90 33 157
90 34 197
90 35 285
90 36 379
90 37 348
90 38 369
90 39 458
90 40 311
90 41 374
90 42 302
90 43 348
90 44 372
90 45 370
90 46 430
90 47 303
90 48 293
90 49 234
90 50 227
90 51 311
90 52 106
90 53 191
90 54 259
90 55 143
90 56 180
90 57 206
90 58 235
90 59 273
90 60 283
90 61 315
90 62 382
90 63 254
90 64 306
90 65 325
90 66 303
90 67 315
90 68 389
90 69 242
90 70 197
90 71 262
90 72 264
90 73 272
90 74 368
90 75 47
90 76 65
90 77 126
90 78 46
90 79 54
90 80 112
90 81 203
90 82 261
90 83 274
90 84 353
90 85 277
90 86 294
90 87 340
90 88 364
90 89 427
90 90 0
90 91 14
90 92 66
90 93 130
90 94 205
90 95 96
90 96 147
90 97 222
90 98 279
90 99 229
90 100 278
91 1 219
91 2 249
91 3 97
91 4 98
91 5 126
91 6 157
91 7 134
91 8 173
91 9 187
91 10 271
91 11 330
91 12 340
91 13 285
91 14 173
91 15 182
91 16 282
91 17 290
91 18 360
91 19 454
91 20 476
91 21 490
91 22 81
91 23 163
91 24 218
91 25 220
91 26 252
91 27 125
91 28 220
91 29 225
91 30 284
91 31 375
91 32 250
91 33 143
91 34 183
91 35 271
91 36 365
91 37 334
91 38 355
91 39 444
91 40 297
91 41 360
91 42 288
91 43 334
91 44 358
91 45 356
91 46 416
91 47 390
91 48 279
91 49 220
91 50 213
91 51 297
91 52 92
91 53 177
91 54 245
91 55 235
91 56 272
91 57 293
91 58 322
91 59 281
91 60 276
91 61 308
91 62 375
91 63 240
91 64 292
91 65 311
91 66 350
91 67 362
91 68 375
91 69 228
91 70 289
91 71 354
91 72 356
91 73 359
91 74 455
91 75 33
91 76 51
91 77 112
91 78 32
91 79 40
91 80 98
91 81 189
91 82 247
91 83 260
91 84 339
91 85 263
91 86 280
91 87 326
91 88 350
91 89 413
91 90 254
91 91 0
91 92 52
91 93 116
91 94 191
91 95 188
91 96 239
91 97 314
91 98 332
91 99 215
91 100 264
92 1 241
92 2 271
92 3 313
92 4 314
92 5 342
92 6 373
92 7 350
92 8 389
92 9 403
92 10 487
92 11 546
92 12 556
92 13 501
92 14 389
92 15 398
92 16 498
92 17 409
92 18 479
92 19 573
92 20 595
92 21 609
92 22 297
92 23 379
92 24 434
92 25 436
92 26 468
92 27 341
92 28 436
92 29 247
92 30 306
92 31 397
92 32 459
92 33 359
92 34 399
92 35 487
92 36 581
92 37 550
92 38 552
92 39 641
92 40 513
92 41 576
92 42 504
92 43 550
92 44 574
92 45 572
92 46 632
92 47 417
92 48 467
92 49 436
92 50 429
92 51 513
92 52 308
92 53 393
92 54 461
92 55 257
92 56 294
92 57 320
92 58 349
92 59 387
92 60 397
92 61 429
92 62 496
92 63 456
92 64 508
92 65 502
92 66 417
92 67 429
92 68 515
92 69 444
92 70 311
92 71 376
92 72 378
92 73 386
92 74 482
92 75 249
92 76 267
92 77 328
92 78 248
92 79 256
92 80 314
92 81 405
92 82 463
92 83 476
92 84 555
92 85 479
92 86 496
92 87 542
92 88 566
92 89 629
92 90 202
92 91 216
92 92 0
92 93 64
92 94 139
92 95 210
92 96 261
92 97 336
92 98 393
92 99 424
92 100 473
93 1 177
93 2 207
93 3 249
93 4 250
93 5 278
93 6 309
93 7 286
93 8 325
93 9 339
93 10 423
93 11 482
93 12 492
93 13 437
93 14 325
93 15 334
93 16 434
93 17 345
93 18 415
93 19 509
93 20 531
93 21 545
93 22 233
93 23 315
93 24 370
93 25 372
93 26 404
93 27 277
93 28 372
93 29 183
93 30 242
93 31 333
93 32 395
93 33 295
93 34 335
93 35 423
93 36 517
93 37 486
93 38 488
93 39 577
93 40 449
93 41 512
93 42 440
93 43 486
93 44 510
93 45 508
93 46 568
93 47 353
93 48 403
93 49 372
93 50 365
93 51 449
93 52 244
93 53 329
93 54 397
93 55 193
93 56 230
93 57 256
93 58 285
93 59 323
93 60 333
93 61 365
93 62 432
93 63 392
93 64 444
93 65 438
93 66 353
93 67 365
93 68 451
93 69 380
93 70 247
93 71 312
93 72 314
93 73 322
93 74 418
93 75 185
93 76 203
93 77 264
93 78 184
93 79 192
93 80 250
93 81 341
93 82 399
93 83 412
93 84 491
93 85 415
93 86 432
93 87 478
93 88 502
93 89 565
93 90 138
93 91 152
93 92 204
93 93 0
93 94 75
93 95 146
93 96 197
93 97 272
93 98 329
93 99 360
93 100 409
94 1 102
94 2 132
94 3 174
94 4 175
94 5 203
94 6 234
94 7 211
94 8 250
94 9 264
94 10 348
94 11 407
94 12 417
94 13 362
94 14 250
94 15 259
94 16 359
94 17 270
94 18 340
94 19 434
94 20 456
94 21 470
94 22 158
94 23 240
94 24 295
94 25 297
94 26 329
94 27 202
94 28 297
94 29 108
94 30 167
94 31 258
94 32 320
94 33 220
94 34 260
94 35 348
94 36 442
94 37 411
94 38 413
94 39 502
94 40 374
94 41 437
94 42 365
94 43 411
94 44 435
94 45 433
94 46 493
94 47 278
94 48 328
94 49 297
94 50 290
94 51 374
94 52 169
94 53 254
94 54 322
94 55 118
94 56 155
94 57 181
94 58 210
94 59 248
94 60 258
94 61 290
94 62 357
94 63 317
94 64 369
94 65 363
94 66 278
94 67 290
94 68 376
94 69 305
94 70 172
94 71 237
94 72 239
94 73 247
94 74 343
94 75 110
94 76 128
94 77 189
94 78 109
94 79 117
94 80 175
94 81 266
94 82 324
94 83 337
94 84 416
94 85 340
94 86 357
94 87 403
94 88 427
94 89 490
94 90 63
94 91 77
94 92 129
94 93 193
94 94 0
94 95 71
94 96 122
94 97 197
94 98 254
94 99 285
94 100 334
95 1 31
95 2 61
95 3 107
95 4 108
95 5 136
95 6 167
95 7 144
95 8 183
95 9 197
95 10 281
95 11 340
95 12 350
95 13 295
95 14 183
95 15 192
95 16 292
95 17 199
95 18 269
95 19 363
95 20 385
95 21 399
95 22 363
95 23 445
95 24 500
95 25 502
95 26 534
95 27 135
95 28 230
95 29 37
95 30 96
95 31 187
95 32 249
95 33 153
95 34 193
95 35 281
95 36 375
95 37 344
95 38 342
95 39 431
95 40 369
95 41 432
95 42 298
95 43 344
95 44 368
95 45 366
95 46 426
95 47 207
95 48 257
95 49 230
95 50 223
95 51 307
95 52 214
95 53 249
95 54 317
95 55 47
95 56 84
95 57 110
95 58 139
95 59 177
95 60 187
95 61 219
95 62 286
95 63 250
95 64 302
95 65 292
95 66 207
95 67 219
95 68 305
95 69 238
95 70 101
95 71 166
95 72 168
95 73 176
95 74 272
95 75 315
95 76 354
95 77 415
95 78 354
95 79 362
95 80 327
95 81 358
95 82 416
95 83 272
95 84 351
95 85 273
95 86 301
95 87 347
95 88 371
95 89 434
95 90 308
95 91 322
95 92 374
95 93 420
95 94 245
95 95 0
95 96 51
95 97 126
95 98 183
95 99 214
95 100 263
96 1 292
96 2 322
96 3 212
96 4 213
96 5 87
96 6 118
96 7 95
96 8 134
96 9 148
96 10 232
96 11 291
96 12 301
96 13 329
96 14 288
96 15 297
96 16 386
96 17 313
96 18 343
96 19 437
96 20 459
96 21 464
96 22 447
96 23 529
96 24 584
96 25 586
96 26 618
96 27 240
96 28 335
96 29 298
96 30 357
96 31 448
96 32 198
96 33 248
96 34 288
96 35 376
96 36 470
96 37 295
96 38 316
96 39 405
96 40 320
96 41 383
96 42 332
96 43 378
96 44 402
96 45 400
96 46 460
96 47 434
96 48 240
96 49 325
96 50 328
96 51 342
96 52 165
96 53 200
96 54 268
96 55 308
96 56 345
96 57 337
96 58 366
96 59 343
96 60 353
96 61 385
96 62 452
96 63 201
96 64 253
96 65 272
96 66 156
96 67 168
96 68 254
96 69 326
96 70 362
96 71 427
96 72 429
96 73 403
96 74 499
96 75 399
96 76 417
96 77 478
96 78 398
96 79 406
96 80 422
96 81 309
96 82 367
96 83 223
96 84 302
96 85 361
96 86 303
96 87 349
96 88 373
96 89 436
96 90 396
96 91 366
96 92 418
96 93 482
96 94 333
96 95 261
96 96 0
96 97 75
96 98 132
96 99 163
96 100 212
97 1 225
97 2 255
97 3 137
97 4 138
97 5 166
97 6 197
97 7 174
97 8 213
97 9 227
97 10 311
97 11 370
97 12 380
97 13 325
97 14 213
97 15 222
97 16 322
97 17 392
97 18 422
97 19 516
97 20 538
97 21 543
97 22 423
97 23 505
97 24 560
97 25 562
97 26 594
97 27 165
97 28 260
97 29 231
97 30 290
97 31 381
97 32 123
97 33 173
97 34 213
97 35 301
97 36 395
97 37 374
97 38 395
97 39 484
97 40 399
97 41 462
97 42 328
97 43 374
97 44 398
97 45 396
97 46 456
97 47 424
97 48 319
97 49 250
97 50 253
97 51 337
97 52 244
97 53 279
97 54 347
97 55 383
97 56 420
97 57 327
97 58 356
97 59 394
97 60 306
97 61 338
97 62 405
97 63 280
97 64 332
97 65 351
97 66 81
97 67 93
97 68 179
97 69 251
97 70 295
97 71 360
97 72 362
97 73 370
97 74 466
97 75 375
97 76 393
97 77 454
97 78 374
97 79 382
97 80 347
97 81 388
97 82 446
97 83 302
97 84 381
97 85 303
97 86 331
97 87 377
97 88 401
97 89 464
97 90 328
97 91 342
97 92 394
97 93 458
97 94 265
97 95 336
97 96 387
97 97 0
97 98 57
97 99 88
97 100 137
98 1 168
98 2 198
98 3 80
98 4 81
98 5 109
98 6 140
98 7 117
98 8 156
98 9 170
98 10 254
98 11 313
98 12 323
98 13 268
98 14 156
98 15 165
98 16 265
98 17 335
98 18 365
98 19 459
98 20 481
98 21 486
98 22 366
98 23 448
98 24 503
98 25 505
98 26 537
98 27 108
98 28 203
98 29 174
98 30 233
98 31 324
98 32 66
98 33 116
98 34 156
98 35 244
98 36 338
98 37 317
98 38 338
98 39 427
98 40 342
98 41 405
98 42 271
98 43 317
98 44 341
98 45 339
98 46 399
98 47 367
98 48 262
98 49 193
98 50 196
98 51 280
98 52 187
98 53 222
98 54 290
98 55 326
98 56 363
98 57 270
98 58 299
98 59 337
98 60 249
98 61 281
98 62 348
98 63 223
98 64 275
98 65 294
98 66 333
98 67 345
98 68 358
98 69 211
98 70 238
98 71 303
98 72 305
98 73 313
98 74 409
98 75 318
98 76 336
98 77 397
98 78 317
98 79 325
98 80 290
98 81 331
98 82 389
98 83 245
98 84 324
98 85 246
98 86 274
98 87 320
98 88 344
98 89 407
98 90 271
98 91 285
98 92 337
98 93 401
98 94 208
98 95 279
98 96 330
98 97 405
98 98 0
98 99 31
98 100 80
99 1 137
99 2 167
99 3 49
99 4 50
99 5 78
99 6 109
99 7 86
99 8 125
99 9 139
99 10 223
99 11 282
99 12 292
99 13 237
99 14 125
99 15 134
99 16 234
99 17 304
99 18 334
99 19 428
99 20 450
99 21 455
99 22 335
99 23 417
99 24 472
99 25 474
99 26 506
99 27 77
99 28 172
99 29 143
99 30 202
99 31 293
99 32 35
99 33 85
99 34 125
99 35 213
99 36 307
99 37 286
99 38 307
99 39 396
99 40 311
99 41 374
99 42 240
99 43 286
99 44 310
99 45 308
99 46 368
99 47 336
99 48 231
99 49 162
99 50 165
99 51 249
99 52 156
99 53 191
99 54 259
99 55 295
99 56 332
99 57 239
99 58 268
99 59 306
99 60 218
99 61 250
99 62 317
99 63 192
99 64 244
99 65 263
99 66 302
99 67 314
99 68 327
99 69 180
99 70 207
99 71 272
99 72 274
99 73 282
99 74 378
99 75 287
99 76 305
99 77 366
99 78 286
99 79 294
99 80 259
99 81 300
99 82 358
99 83 214
99 84 293
99 85 215
99 86 243
99 87 289
99 88 313
99 89 376
99 90 240
99 91 254
99 92 306
99 93 370
99 94 177
99 95 248
99 96 299
99 97 374
99 98 284
99 99 0
99 100 49
100 1 88
100 2 118
100 3 164
100 4 165
100 5 193
100 6 224
100 7 201
100 8 240
100 9 254
100 10 338
100 11 397
100 12 407
100 13 352
100 14 240
100 15 249
100 16 349
100 17 279
100 18 349
100 19 443
100 20 465
100 21 479
100 22 420
100 23 502
100 24 557
100 25 559
100 26 591
100 27 192
100 28 287
100 29 94
100 30 153
100 31 244
100 32 317
100 33 210
100 34 250
100 35 338
100 36 432
100 37 401
100 38 422
100 39 511
100 40 426
100 41 489
100 42 355
100 43 401
100 44 425
100 45 423
100 46 483
100 47 287
100 48 337
100 49 287
100 50 280
100 51 364
100 52 271
100 53 306
100 54 374
100 55 414
100 56 451
100 57 190
100 58 219
100 59 257
100 60 267
100 61 299
100 62 366
100 63 307
100 64 359
100 65 372
100 66 411
100 67 423
100 68 442
100 69 295
100 70 158
100 71 223
100 72 225
100 73 233
100 74 329
100 75 372
100 76 411
100 77 472
100 78 411
100 79 419
100 80 384
100 81 415
100 82 473
100 83 329
100 84 408
100 85 330
100 86 358
100 87 404
100 88 428
100 89 491
100 90 365
100 91 379
100 92 431
100 93 495
100 94 302
100 95 367
100 96 418
100 97 493
100 98 390
100 99 282
100 100 0
